,Bream,Perch,Pike,Roach,SilverBream,Smelt,Whitewish
1837,0.7966140852755051,0.04193924553367698,0.022265357724170164,0.008580445955291713,0.0806742616589363,0.00836146458125433,0.0415651392711654
161,0.02080718932290818,0.04538944803904849,0.86040710359823,0.035534881363160416,0.018203482283492587,0.0012747536937847863,0.018383141699375365
336,0.7955159053850962,0.04912154605612254,0.04331823571833986,0.016506207955999705,0.04415264908673794,0.002396595950050644,0.04898885984765302
1084,0.8580896523024459,0.05643235557170206,0.014672842796480389,0.004629446847335252,0.016257514788839963,0.0007314343742992534,0.049186753318897096
1462,0.014284630968577848,0.5425382610015874,0.04463783269239116,0.30040361837293733,0.05368916287599165,0.007833909513742266,0.036612584574772324
1044,0.01874093818889409,0.05246201162449896,0.0019384968035485283,0.06991761198632528,0.8192599157369478,0.031355907694890536,0.006325117964894807
721,0.013808601006279916,0.21773924613396742,0.01383170069399921,0.6254353029763059,0.08407529155231709,0.0187790971891529,0.026330760447977535
1245,0.014039455224085909,0.45245208190113884,0.016331676995533617,0.39371248844219736,0.07740022599395151,0.014061146013455086,0.03200292542963768
654,0.015283597875830982,0.24283532640579852,0.009905466363685665,0.5902629870255794,0.09498758589066918,0.017356525666861196,0.02936851077157486
1056,0.013786075393840866,0.03750626501946495,0.0012091973151467888,0.04756308971751803,0.7877608514408437,0.10860325969009993,0.0035712614230856807
1857,0.8290838382144066,0.04637107621422984,0.034932283269727006,0.014948910222881773,0.02489227027167087,0.0026788332306073182,0.047092788576476634
1078,0.8251700315605791,0.055410540277014225,0.018956254122500873,0.037894366057557576,0.011206460789284079,0.0005830939947951609,0.05077925319826912
584,0.010542725974068622,0.13505717757664476,0.006960847690486866,0.08475522105273081,0.07260372912025576,0.6718731946477746,0.018207103938038652
667,0.00991276519087826,0.05277895570649376,0.007872108027048484,0.06384847370904405,0.05393595841615656,0.7941345025674792,0.017517236382899665
1212,0.016642493085594942,0.056503326798919735,0.002872198648260894,0.0828157671506256,0.8006710655141487,0.031249412647577347,0.009245736154872805
1401,0.8506856454538422,0.08790244026066368,0.008884257395667354,0.001547097161410168,0.01186616054549775,0.001370823200083718,0.03774357598283521
1004,0.007963192753473838,0.09998861583447081,0.6931109620178683,0.1349053848760818,0.041521238717585895,0.007874553279080617,0.014636052521438783
939,0.761598491347768,0.04611533527259589,0.03955284482000288,0.013865769531140118,0.04923016960192472,0.04270392507855448,0.04693346434801393
637,0.8577553804744195,0.050713775359775,0.020040453131837783,0.006247623898520579,0.01893831649905518,0.0011171354422564183,0.04518731519413569
457,0.8714267891004922,0.057490794300012416,0.012815049260277394,0.0031777481208148874,0.0059940710802387194,0.0008885836081786162,0.048206964529985734
545,0.05062304404937335,0.437625894084325,0.05356443637321983,0.2766995355132876,0.04254244650422797,0.0017075468326085714,0.13723709664295777
739,0.010917329594506526,0.018073533246135382,0.9519685359450288,0.003508646938703052,0.0031053162311862957,0.0043978613082585995,0.008028776736181246
756,0.0045421109528600906,0.20954030460198259,0.0034259914809425533,0.5741721265740076,0.06263568363305431,0.1352600771270342,0.010423705630118569
1572,0.0716540829854109,0.02174601183622027,0.8923129280724117,0.0033971085524298603,0.0011107909519263253,0.00029668969241750505,0.009482387909183324
360,0.48855380490647654,0.06576995495304175,0.019892347925001615,0.08231419623239607,0.31357719393535516,0.009764127672617416,0.02012837437511154
396,0.8795325216600275,0.04940847705980488,0.009774099328786123,0.0019087019076960297,0.01993622626914977,0.0008929080151724085,0.03854706575936324
1621,0.8521924637294909,0.06477373210260946,0.017145102191417766,0.004920690638249154,0.009203627479741192,0.0016309087478314933,0.05013347511066001
862,0.015067473358038513,0.13517990163892554,0.00809159272524576,0.08014674075998886,0.07663208242603384,0.6634199530531141,0.02146225603865351
1064,0.00711971098056853,0.03160879707676493,0.003784187923132304,0.04683213046040314,0.04758104121511458,0.8516744307876557,0.011399701556360853
370,0.5711872862195425,0.06009116763615746,0.052840146835487545,0.042061886183690535,0.22815480495707682,0.0018146218359935936,0.043850086332051445
297,0.006334698498223205,0.20254582088748485,0.001998530432305245,0.5096118726155051,0.08506145179494322,0.18529786663888081,0.009149759132657535
184,0.009914512703305534,0.04180343373214365,0.001297414384882272,0.05109841421702158,0.8055628224426155,0.0861804496164978,0.004142952903533736
1251,0.14741614010155288,0.7235070638043298,0.043818460791521685,0.006226193128143519,0.0015629533693284903,0.000643868327085145,0.07682532047803849
1443,0.008704319034820092,0.24624085918225727,0.010502021746500072,0.5894368545021406,0.08216555811774566,0.03127194581899317,0.031678441597543176
28,0.5204492582050493,0.06162916604082508,0.03564457041312142,0.07053461030186157,0.27887233036023523,0.004686975541378141,0.02818308913752918
361,0.8004534430520129,0.04708514193737815,0.045831698979638145,0.01918397811056332,0.034823291348775896,0.006068273626324776,0.04655417294530675
719,0.1743811390020553,0.7292329170195687,0.027268220407335342,0.0016628567119486585,0.0014238578976987562,0.0016996625505972989,0.0643313464107959
981,0.7526852435463921,0.08042959809341226,0.041738403136680896,0.015695658978338,0.06014666939973227,0.0017324351213854545,0.04757199172405899
1423,0.09393595164350454,0.026091815030264226,0.8667566242416765,0.002366912259720904,0.0007633374676215884,0.00038928645280628924,0.00969607290440582
1433,0.10917984978446182,0.07862629529085471,0.8001281989927662,0.001089987489466316,0.0008482206786367133,0.0011832994854776597,0.008944148278336736
385,0.0950252990476384,0.0313179663927887,0.8554151108206599,0.003181410596684036,0.0008577228124316464,0.00036431203435915695,0.013838178295438241
772,0.7654080971149423,0.05176736803360433,0.050765486763481554,0.02326176273049897,0.05745058762776319,0.004179185770305702,0.04716751195940406
1479,0.8228110054411811,0.04362935651458305,0.03116124033143677,0.010156122018017936,0.03965847486616352,0.006346582691011283,0.04623721813760617
815,0.0043603827796206435,0.10266329573750055,0.7273058905031425,0.08966256519424513,0.04946291063697808,0.015388594256563125,0.011156360891949909
536,0.016126017981578162,0.3593396119753555,0.011662455971605187,0.46704145070901965,0.09347509246505796,0.014308121663419,0.03804724923396458
727,0.6552504839311544,0.060883383454850004,0.05180298455424187,0.05019281796760288,0.10621484507477282,0.0038385636066521384,0.07181692141072599
901,0.7335568857286265,0.04950057908212902,0.04412653273850198,0.01702489515393497,0.06787798715158265,0.03637199689522084,0.051541123250004206
129,0.8808844472440603,0.06672110380554583,0.007879613258992245,0.0012182207056682054,0.0038507291969784043,0.001585145621126616,0.03786074016762838
493,0.8524848683024219,0.08739056864570997,0.012841239267776689,0.0014526136591366352,0.004048469205184368,0.0037604438229304465,0.038021797096840095
1096,0.022997074184675666,0.05188796536872853,0.00255354156729117,0.07284487954413961,0.8196417385484079,0.02146749291771574,0.008607307869041332
1464,0.8621732951446863,0.05147545102279271,0.022115897871397408,0.006351144996857819,0.01157300374080325,0.000748612769432362,0.04556259445402999
1743,0.10956180961451158,0.10927984587678158,0.7692569643136622,0.0011149797092172016,0.0007925653023052834,0.0010670082544493175,0.008926826929072902
1009,0.01961982234847408,0.051162418434113545,0.0019975804663592044,0.17814030966618602,0.6750623152331858,0.0683022519517819,0.0057153018998994205
1371,0.16488841791583778,0.05670628102048072,0.02506781519847893,0.0662543648733739,0.653983251612792,0.003586506293156912,0.029513363085879697
411,0.1800374654381621,0.689998002680995,0.044494257798132424,0.013576309699400687,0.0015903946150512278,0.0015785712224336262,0.06872499854582496
682,0.6882993699194899,0.05672586113745002,0.06156028006214079,0.038983965808262515,0.09531287997154846,0.0009093352364745716,0.05820830786463371
1772,0.8694934586142615,0.046926195300736114,0.019659872857783246,0.005251449776446838,0.010843471021652147,0.0034530454900795742,0.044372506939040386
208,0.008893875241622736,0.015953915040138246,0.9589015832899004,0.003175844790997155,0.002689903631349402,0.0032249574628969765,0.007159920543095121
599,0.7415952812214267,0.1928556113163935,0.014856869030207191,0.0019424032555768666,0.014775533373232654,0.002785766508690972,0.031188535294472238
1497,0.8316511090447142,0.05587190102940214,0.02455318000654952,0.006750037533068311,0.031217427903111494,0.002062588413004151,0.04789375607015001
287,0.003993690801919436,0.42221354799235783,0.0024977682347546936,0.3548517956787962,0.0677968181135253,0.13563218836570654,0.013014190812939877
977,0.019445401775944508,0.04911703364669697,0.0022136688972087507,0.07113482869909801,0.8252426361706919,0.026719221344525684,0.00612720946583411
1477,0.006404445173167777,0.49497961392021367,0.0022333048199522434,0.2893348188523617,0.08829024280173371,0.10379464778034521,0.014962926652225704
458,0.8501161866173024,0.059448904144307056,0.0166196363215879,0.003070489498080404,0.01502489305921234,0.0007487693228922875,0.0549711210366178
1712,0.06417454305497014,0.023482526987072278,0.8919140101336339,0.004866479045826115,0.0015494081537825411,0.002622496165885838,0.011390536458829079
1283,0.010290524048505709,0.34974401903057895,0.00857562219367736,0.4914494479396721,0.08740497708557164,0.029457909173676158,0.023077500528318206
1040,0.0096799503499125,0.38267170562526315,0.023254125147387464,0.4262713709506889,0.06956290017535319,0.022974182098813065,0.06558576565258184
1322,0.013437631448980858,0.022057244213346632,0.9425574603244234,0.0037571220812855914,0.0033919761681532527,0.005143028305301534,0.009655537458508607
209,0.004199794340921618,0.020462263626908103,0.0037959845668685053,0.039641147033311536,0.030064084294544297,0.8939946543335434,0.00784207180390267
577,0.00493739431619114,0.5261735010979254,0.002524156349787862,0.2617688850430962,0.07482403652751318,0.11653161194975442,0.013240414715731737
363,0.0029051888269382466,0.02844196686344334,0.0058107599648714306,0.04764743841783125,0.027280645396789618,0.8804541789840631,0.007459821546062927
626,0.15459304185711983,0.7055193386209258,0.025024072886231433,0.002975040428539095,0.0013061597555950903,0.0015441938386052372,0.10903815261298355
638,0.8166643332754893,0.13148531573415764,0.00726324802650764,0.0012281462519780088,0.004041070324913822,0.0015021310505969505,0.037815755336356595
906,0.01581331195848061,0.46101218648448933,0.027723928033331357,0.3827046468345087,0.06698479041407493,0.010033070349752737,0.03572806592536249
1531,0.018346399170325906,0.477175126328637,0.021674998994041156,0.36652870640435403,0.07096320796772755,0.008584852998285672,0.03672670813662862
1427,0.03179052823181672,0.20381166839709297,0.04714875869504282,0.4404034230752362,0.05016708148045831,0.0036034175292614305,0.22307512259109152
666,0.6618355035848785,0.06590355107352179,0.06389072806075048,0.04571638519220217,0.06423511227577026,0.005035620069818047,0.09338309974305874
668,0.011526392139897507,0.020785531211028222,0.947325123729437,0.0037523100365445196,0.003386477787405464,0.005128386687853484,0.00809577840783385
768,0.018588938812786133,0.22904679037367284,0.019485088762176864,0.5789100628826038,0.08117108009246236,0.012497038693230258,0.06030100038306766
615,0.8109036769751575,0.05398744812037872,0.04069538513734259,0.013231615048449106,0.027691086426522973,0.0003564622296966979,0.05313432606245236
1140,0.5643120692207618,0.06221074191815626,0.0888046012120981,0.05626734260121746,0.10767703416999429,0.0018653783611997956,0.11886283251657231
1154,0.14467977698719128,0.7450061757275147,0.021568884239806328,0.00261133487545503,0.001846898343835185,0.0017728064931527255,0.08251412333304474
762,0.017680585462971365,0.10245780500344465,0.0067959318375760734,0.07844987213812615,0.08528459787629718,0.6874745221602997,0.021856685521285012
171,0.008320396776869982,0.5208061750556306,0.015964982962296852,0.3316034240356759,0.07090470969148388,0.025486429193157755,0.026913882284885005
1071,0.7121350085606223,0.08848559378037063,0.04432822473169589,0.0202511351084954,0.07021640124996308,0.00040311578408799533,0.0641805207847647
144,0.0063867982544587665,0.42072366628330937,0.0026887366683593637,0.28621441053979035,0.07579740232015006,0.195984509519789,0.012204476414143047
1715,0.005184260587135488,0.44727286558806517,0.0027595080868803297,0.34105110719263565,0.07293754613561756,0.11848140899830624,0.012313303411359508
1595,0.01281642765539146,0.13663869991645353,0.011502216132312053,0.08491124115363789,0.07002247488626574,0.6635247622912289,0.020584177964710397
899,0.8366749385073836,0.04103940465493747,0.02472942683619692,0.007208771683073908,0.03719685754176009,0.007350307010667345,0.04580029376598078
456,0.012404497327750045,0.4246186152829883,0.017719355608505665,0.42298165535866644,0.07417274202586589,0.016498406696525834,0.03160472769969784
1117,0.8610517531345461,0.04427940610670996,0.01737628867873289,0.004345958462926646,0.023799003476535917,0.005157139954176709,0.043990450186371904
1012,0.8463349421157277,0.07179946347128105,0.006979238190559915,0.001338670930523756,0.04258751129775603,0.0020826272151236243,0.028877546779028027
972,0.023378018225484732,0.0502498297087772,0.00492937430263313,0.07087371375937211,0.8310300933588085,0.00921354584946153,0.010325424795462758
1257,0.8797590252097792,0.058893135839272547,0.010085139533995426,0.0016790916204463902,0.005656402109318966,0.0010693686329867082,0.04285783705420063
765,0.009945154185421115,0.4301479385913258,0.023676024835186053,0.423142603444208,0.06685809407981766,0.01839680401727582,0.02783338084676554
1363,0.07105502008927911,0.02327552007698981,0.8885702748769657,0.0045738931311064485,0.0012692562254190067,0.0002896800914172955,0.010966355508822584
573,0.005769386758285801,0.3658238118624489,0.003151614273882202,0.43633319219133987,0.08438590531097158,0.08757685301571634,0.016959236587355254
954,0.01304027825104456,0.15813834227462978,0.007204295135700412,0.6701267153262379,0.10164835314926808,0.023641904895467466,0.026200110967651787
1252,0.00512304262295163,0.4215504333306608,0.002577937074423663,0.27475045793904673,0.06016913226341913,0.22469250107584335,0.01113649569365474
408,0.8468582956859695,0.046480143500938896,0.03173685058056204,0.007563887376730552,0.017924643402139933,0.0026931712682905285,0.04674300818536852
106,0.012065203483775775,0.4158055396634736,0.008846106860850939,0.41969653893759484,0.09246385769412468,0.022976170017001387,0.02814658334317879
228,0.15891868430358233,0.7277700080152756,0.047403048272071174,0.0050909284425888655,0.0016659927145895818,0.002108336198530554,0.05704300205336189
1428,0.8340781136313775,0.06535186397702279,0.024226781367572805,0.006601530009315101,0.02183760922645832,0.00236479921883849,0.04553930256941489
550,0.01192482760900049,0.04977720334989957,0.0017194208717684345,0.06677507007035935,0.8150390318187172,0.048315269848631826,0.006449176431623083
798,0.0131638148826151,0.20126013364261888,0.013070316808503553,0.63250645710264,0.08804056537287624,0.019339299237554754,0.0326194129531914
476,0.010878015395586166,0.04506685005607582,0.005428958298460571,0.055819292049830056,0.05711994546293853,0.8096357844710806,0.016051154266028208
494,0.0030307096471309356,0.37825095117123997,0.0004909793004514168,0.1426053206741504,0.045699824896731855,0.42500787130887846,0.00491434300141711
1171,0.1682630954090609,0.05321685796115411,0.027126122573450123,0.056328331921497415,0.6617306797994762,0.002376381636525137,0.03095853069883607
1281,0.019619954638306566,0.27137366938152324,0.014978928182644265,0.5602395931007585,0.0885471752789247,0.01026888152559152,0.034971797892251265
1021,0.08499422159765484,0.028118071646623947,0.8690453047842174,0.003795123274610554,0.001025368173238111,0.0003223067287936267,0.012699603794861417
378,0.15005746950504606,0.7049281745242797,0.033485117765795484,0.0050379367628340275,0.0012283140809388575,0.0014804573891089553,0.10378252997199695
1178,0.0029590065746579295,0.0106636403698033,0.0021700755402308293,0.028167730367403106,0.022491129126634923,0.9279423555023786,0.005606062518891422
82,0.010392529606742517,0.04484477912718643,0.0058649752808744675,0.05807001316592538,0.058525509518370544,0.8076902239178169,0.01461196938308385
1521,0.012377956458478332,0.30744289323893587,0.013822129816858873,0.5369619791154072,0.08280960393526735,0.020470409411580265,0.02611502802347219
358,0.0200200528104662,0.19533178069372606,0.016275397555717434,0.6370023543457862,0.08843099332526767,0.01053483090326905,0.03240459036576745
1426,0.039340778438185696,0.05016788218202379,0.0020634441640744947,0.07766138827785125,0.772878586398995,0.05173042696477843,0.006157493574091308
17,0.0035175994113688107,0.244898919711224,0.003877917501440861,0.5447803166577156,0.05890714760386522,0.13165537799947857,0.012362721114906952
539,0.03060126052197432,0.06500022251811949,0.8841389887978076,0.0032278381775685283,0.002779737139426546,0.0023635078117172762,0.01188844503338623
213,0.05337131004782366,0.09041711759255566,0.01490508580298912,0.0681229253641217,0.7473913400020793,0.004140511961882305,0.02165170922854834
265,0.007225566906147317,0.027743559010565164,0.003478117026119278,0.042816227707913206,0.045193163681914277,0.8623925621916789,0.01115080347566188
1842,0.006212386142622053,0.03147417348387254,0.005627793321239767,0.04765640967547647,0.0373545611365645,0.859878990930704,0.011795685309520762
1765,0.03423224680344792,0.05326489985642153,0.002396695435419736,0.08267015029940677,0.7722522746574452,0.04726563137128037,0.00791810157657842
1224,0.015869496414903445,0.21203021155321813,0.019032667296424624,0.6302039581388726,0.07854088280030619,0.013936408797069427,0.030386374999205514
603,0.010493343452134263,0.33058103129740257,0.010777367533564468,0.5126661479650767,0.0835475795342938,0.0253525557568124,0.026581974460715724
261,0.007465098129159316,0.037101263791306,0.003435272515294275,0.04798042471442197,0.05202658513810251,0.8392960848008575,0.012695270910858638
1856,0.04236296396660058,0.05210872560129082,0.008776952056281448,0.0700682985430972,0.8063520923508576,0.005248122249676784,0.015082845232195578
828,0.06278845975125205,0.05431885028223521,0.0086445045847409,0.08207176765580622,0.7669458252802035,0.00930160391612565,0.015928988529636517
1018,0.039028582502040735,0.20103694136052178,0.04948040692147745,0.4328074265286568,0.05462286795439991,0.0026117280566311483,0.22041204667627223
202,0.004315632760000292,0.02080428594132699,0.003930370584356338,0.03953985578082075,0.029139359469586314,0.8937525730838162,0.008517922380093112
254,0.020637126481052898,0.051072443844486115,0.002104125088637796,0.07431762490511597,0.8032493731292698,0.041667270334720695,0.0069520362167168346
1594,0.03285090701017701,0.28965515976487466,0.034607019659548544,0.46174794935366253,0.07065400331487581,0.004820912757105675,0.10566404813975572
1201,0.8184770519769643,0.04507419560950682,0.03903865395224235,0.013176430534915387,0.036480015403938526,0.0031435120176885535,0.04461014050474394
24,0.8312391158006567,0.03990763039775773,0.03321482515455627,0.012506230935610587,0.039006174348848684,0.00181184225731729,0.042314181105252896
980,0.8899013064665114,0.05196164181344817,0.007263245448675203,0.001362876300640118,0.013322449762600852,0.000450745340080029,0.03573773486804412
1667,0.8232641835986695,0.08262081272265104,0.025745940305024462,0.008486660112670984,0.01590172798863768,0.00012521930491807487,0.043855455967428354
1510,0.7904994388687587,0.04792122593757251,0.03832482188237212,0.012453493005970243,0.0641483510987553,0.00012797309113053427,0.04652469611544054
1355,0.7540993960288952,0.044345975800767996,0.07297391219635906,0.023204066795098566,0.06043521205397349,0.0008272090798303286,0.0441142280450755
1713,0.13932716064907502,0.6926266483304736,0.049003115985073974,0.010866326445017867,0.0011277074218918096,0.0006945741159759951,0.10635446705249173
142,0.8038013181596232,0.09878251448637891,0.015274037486572243,0.0014008867923205378,0.03758368960816793,0.0009422143749712453,0.04221533909196598
262,0.7926218251603087,0.04311774674431549,0.0279177805930788,0.04222172130613736,0.04822492971858438,0.0007932370683913123,0.04510275940918405
181,0.8579372422336992,0.10013529795911835,0.007805599319708127,0.0016869722182871272,0.010546307151086143,0.0010611361486274815,0.02082744496947356
470,0.706867238672813,0.0593962384674624,0.050913945909998315,0.027163571800978517,0.058045655327646606,0.0011727376794358625,0.0964406121416652
489,0.1497143747559058,0.6985580506045999,0.03546627855327499,0.007279762419086161,0.0011340801298775154,0.0006577272160451344,0.10718972632121064
569,0.8512338677135678,0.09800572439088252,0.008082684559197202,0.0015370029598299288,0.011660400647796257,0.0013570464689351021,0.028123273259791217
1226,0.8968004353841916,0.04559967217933355,0.011002888279872919,0.0019312739091843186,0.005202613121073042,0.00027998755866788803,0.03918312956767677
1080,0.7668351695933925,0.17462588910930368,0.008623580221607585,0.001684088025023031,0.009985946822449382,0.0009093625709376735,0.037335963657286315
1502,0.043247085935485076,0.5002926539309199,0.05139728590713149,0.1497820204031021,0.04108176047478583,0.000569899421148435,0.2136292939274271
1039,0.8779849855302043,0.041917921554132744,0.016817501277064,0.010735638497575436,0.008312464715324678,0.0008252189277309696,0.043406269497967796
285,0.8249380815923395,0.04929070885206152,0.04177969650005434,0.012745048411128232,0.02639637123011605,0.00046632407742548335,0.04438376933687485
1775,0.4268464394788949,0.09157823271522153,0.05019280080666949,0.036488462546104744,0.35220302925407004,0.000282546244615309,0.04240848895442403
1418,0.8817082902279479,0.05151792697669649,0.00967565571233525,0.001929583988489138,0.012858778478603875,0.00038816344142431346,0.04192160117450289
307,0.8541098124766829,0.05128379778771755,0.014344563075324973,0.0024886794189365887,0.030056682737254477,0.00023500977978044245,0.04748145472430291
1480,0.8096890864492633,0.04597622747120664,0.039597933519175336,0.016168189181445705,0.030344060065475742,0.0008104372150163406,0.05741406609841703
1848,0.05055437882803269,0.5630642885642893,0.08315542346449757,0.18243407700534212,0.02585492185609174,0.0004240077617563165,0.09451290251999027
963,0.005374537814578243,0.1378810068048161,0.6022174531864349,0.17533213368617526,0.049935656504492464,0.01891385621377743,0.01034535578972564
1473,0.1707555714735578,0.4866427075231836,0.011616084461157439,0.0014871206223564671,0.0013007620931317393,0.000660255842064123,0.3275374979845488
1243,0.8853702874706052,0.048815136107546064,0.012318537085050546,0.0035927053124453,0.005177193326275778,0.00027343310920538346,0.04445270758887165
274,0.0038716491246529954,0.45854458318193386,0.0005769757033105826,0.10152735520258187,0.04815740754260641,0.38225547971600315,0.005066549528911035
968,0.8148109880459057,0.08815862249965943,0.007522449775723997,0.0013404357955297942,0.05518664553034456,0.0009481415383724668,0.03203271681446414
967,0.878845883471827,0.04955331592334033,0.015150896092586222,0.0025553691556684834,0.008559594003742392,0.00022509820051502046,0.045109843152320535
594,0.8762718060268512,0.058513947289797995,0.012776233503608478,0.00263813715839117,0.008184238733892553,0.00023788803485484778,0.04137774925260368
418,0.6242213548454443,0.09512346064909856,0.0595206457412936,0.024355356125133575,0.14771188308774227,0.00019776000947853203,0.048869539541809226
1567,0.105615753361114,0.027532583762105486,0.8487672290088648,0.0030056347248576636,0.0008607066664290553,0.00011167415978961186,0.014106418316839514
428,0.025145308611195363,0.553610629061095,0.045322660162040763,0.24004384915327603,0.05009993898808423,0.0010447515636444777,0.08473286246066399
52,0.8557966079986098,0.07962078509682448,0.008413983013452293,0.001262736648539189,0.012820855876200863,0.0007823549417056796,0.041302676424667756
661,0.8294020734857206,0.08907432573349745,0.007913901391910706,0.0013423210887102504,0.03775197830755051,0.0009513201158127396,0.03356407987679772
636,0.04392887802620071,0.02904934054552127,0.8578912409798765,0.04755654685734458,0.005941648982321682,0.00016107818316717638,0.015471266425568201
1833,0.8824924133844575,0.05432791338010944,0.009724185455074502,0.0015590795507733053,0.008231941730148533,0.00042324345325505996,0.04324122304618158
311,0.8851907433302553,0.04926496687193479,0.009577265709191577,0.0015109837390695285,0.016331441651187547,0.00037432924791411167,0.0377502694504472
193,0.8340306460201545,0.11414301870602121,0.00811772082758949,0.0016872153638780197,0.01588363896162402,0.0010600891642788578,0.025077670956453853
40,0.8692214179375849,0.055030126693188686,0.014984793634590819,0.002733190696093407,0.009078951558065927,0.00024221833607047794,0.04870930114440564
54,0.8594452255141865,0.09977108432485053,0.007696304447364573,0.002003838058125585,0.008541245428714803,0.0010566990257784082,0.021485603200979694
1656,0.4512658774139528,0.05176745474962117,0.05505158330998499,0.050037470362340304,0.35608418040955714,0.0004990007422200651,0.03529443301232356
1429,0.20545859454216162,0.6660490689056373,0.03616782087562855,0.008321978773523255,0.002054829484957644,0.001097793991796669,0.08084991342629494
1027,0.10522362739031359,0.027826409643830843,0.8483655211508595,0.00337112947833418,0.0009027117547542898,0.0001110769583888256,0.014199523623518714
223,0.011898492906417755,0.38466668849728763,0.014939387732796803,0.4737392083632242,0.07732993561906308,0.008921939850045616,0.028504347031164796
1437,0.00016349671181891735,0.15920289475357974,0.00018206817216714756,0.16575450187308657,0.005072003596778288,0.6692204583181329,0.0004045765744364449
194,0.8927212893430978,0.0446514991980029,0.01122699795199439,0.0017115355318240426,0.010141356638274994,0.0002903689556086455,0.039256952381197356
1161,0.16873229724458724,0.6726437318963995,0.03902518525726902,0.007236207427124626,0.0020267080157483526,0.0010910387496403794,0.10924483140923086
891,0.005406198543174918,0.5738168901993878,0.002631358785437686,0.22011708221892612,0.0798107799008343,0.10521157073066219,0.013006119621577135
1026,0.004783213839220492,0.027790453771111598,0.003506577695204735,0.04095350642045711,0.03588463634508758,0.8794821577244186,0.007599454204499933
877,0.02383365632024374,0.11421957863226928,0.008054191318969478,0.08099517557818581,0.0951818982627709,0.6510238731307753,0.02669162675678548
717,0.8905866826890741,0.04218242104418535,0.014450221588120612,0.0052621112762214865,0.0059233035374396175,0.00019170482037637884,0.04140355504458227
122,0.8577977259432684,0.052429108834638805,0.023893405371675776,0.0052925255115380794,0.009157771544494818,0.00014725853525011104,0.05128220425913404
1564,0.10943587173069175,0.18592940074966927,0.6896642638887487,0.001323214138001627,0.0014915080794945265,0.000971914108842928,0.011183827304551133
628,0.7899452515294209,0.04715374647822263,0.025071283972409913,0.04618106291163155,0.049108723779171665,0.0007946103012277071,0.04174532102791573
838,0.8506520541027752,0.08444573602281458,0.012444097691410555,0.002342402789770748,0.006054905532331146,0.00026856652932403185,0.04379223733157381
206,0.0045549089766715204,0.4473260746997881,0.010381174002082922,0.40115531815334987,0.06267734949682745,0.05877591559074255,0.015129259080537643
253,0.8342189408110153,0.11546875929206114,0.009466947213106468,0.0016024163360239523,0.006830029177579202,0.0010393488700782179,0.03137355830013579
1633,0.8180743384943779,0.12319408765121152,0.008949315215052588,0.0013488358810477775,0.005196447269487357,0.0017608701890306517,0.04147610529979211
1017,0.05675818189743493,0.23597005906856325,0.04619267725088786,0.3848357333876133,0.053111576219185656,0.0005474967517443619,0.2225842754245708
164,0.008253375036742833,0.0514458110979171,0.0065815242316105355,0.06502219809143586,0.05123600018719171,0.8029912838785506,0.014469807476551284
1812,0.0029906001534002248,0.015322267529864724,0.0018059209318021694,0.024085676352057824,0.02197289839163377,0.9288238556728574,0.004998780968383875
1092,0.009960862796786272,0.3639372322525603,0.005389972290970692,0.46887897801411255,0.10301493226222917,0.02725922637505469,0.021558796008286345
905,0.02131746932270741,0.17730568089163642,0.01850218810406992,0.6608743741069664,0.08468972686733216,0.0027835091944549764,0.034527051512832745
178,0.18574613960646338,0.6911620118245323,0.04714015836572474,0.005831409472164398,0.0012265209862048238,0.00019181177045247996,0.06870194797445796
376,0.008415128098854432,0.5823301221744478,0.01785739055802797,0.2841036097689467,0.06843433548117044,0.013721945671464461,0.025137468247088082
1090,0.060324280590164064,0.0563856828571837,0.009514620077545837,0.08370128814599924,0.7738518094885506,0.004211396826296251,0.01201092201426041
279,0.023097470549624844,0.05307057172598575,0.004014552244544744,0.0734268159676372,0.8307366008125322,0.006994624362471139,0.008659364337204068
31,0.004161328337767017,0.16136171490122145,0.0035922583855076463,0.6317306682419266,0.062797838283691,0.12782396846625543,0.008532223383630872
1559,0.07535541633261952,0.05405174162560623,0.008565256939219952,0.07460839541624491,0.7706438674793915,0.0026245347768794145,0.014150787430038414
1203,0.015461326296226716,0.05068249139964168,0.0018866369688098409,0.06473030342061938,0.8047691352238134,0.05756895110378535,0.004901155587103517
1182,0.06256006253405656,0.19753492304590123,0.7248614878975875,0.001497501248808462,0.0017129831017917022,0.00104211857925457,0.01079092359259977
904,0.08369717097473699,0.24241903423264374,0.6611761817066132,0.001234524467645385,0.0013447000127407942,0.0009104390939563803,0.009217949511663484
930,0.0013944399085539744,0.009741379961583899,0.0014189823068062376,0.018535990761176305,0.01317144164931046,0.9531011315593321,0.0026366338532370927
1006,0.008057020810324658,0.34767854474821713,0.0068510605221039035,0.4810162260639492,0.09228181206017372,0.030105105336364717,0.03401023045886665
1781,0.8578538302956692,0.08370100667198245,0.00869763928339135,0.0012934625598212532,0.011080419052190864,0.0008857837700168245,0.03648785836692811
857,0.07436954824899215,0.036738457259108244,0.8204272539342283,0.04319794469141555,0.0028676863263310845,0.00010938216238472218,0.022289727377539953
1550,0.15950006893900123,0.631650626248759,0.0712564527863645,0.017635355975640244,0.002974180428270865,0.00011629562827662927,0.11686701999368754
1189,0.16187185837800466,0.6803401032870852,0.04461391728001549,0.019748657610300424,0.001185005494588209,0.00023640704018514243,0.09200405090982088
1067,0.002944278683195521,0.47056132259713274,0.0019161013092773391,0.28324941571548606,0.047371541210608485,0.18508095520403647,0.008876385280263424
575,0.04073988560961087,0.05701358236044805,0.005630341462878936,0.08009421630304117,0.7982344875601483,0.004916155820481338,0.013371330883391354
305,0.012449925574365134,0.5415025212009636,0.029326682526631374,0.31483490555910176,0.06343859087116509,0.004452140948926864,0.03399523331884613
888,0.2871019655236662,0.05653877448800962,0.03270719664883815,0.059705253547459515,0.5268381018751468,0.0006952711660430556,0.03641343675083665
1225,0.015372868542270766,0.250610832468591,0.020781402508036506,0.6035529262145632,0.07408893636989049,0.0045501207601100265,0.03104291313653802
1352,0.01944068649189579,0.055230121145809614,0.8277593016088544,0.04963678579458649,0.0255539211832885,0.0006229431851840118,0.021756240590381223
319,0.010013247756788442,0.26704403238293306,0.010308261607343733,0.5802490096628906,0.08531272312511047,0.016166219241013902,0.030906506223919772
356,0.1154692923775336,0.054591335650815594,0.0036427359312916543,0.08795081756139113,0.7101767069501399,0.020180991018695922,0.007988120510132316
657,0.06337737269703322,0.19335127180647613,0.7308101412060796,0.0014543598740023075,0.001668253069871427,0.0010347687085302734,0.008303832638007195
1193,0.6817052966246812,0.060068671454182425,0.07981331466557487,0.05146685913437302,0.08649637683144917,0.000438113761098231,0.04001136752864113
486,0.004111027808809525,0.568133643819944,0.005554893098976259,0.26185303912280095,0.06351358667529373,0.0835769397892407,0.013256869684934738
512,0.004406671401411682,0.24970409004264996,0.005169728879079202,0.5705616013077792,0.06914746827949957,0.08585785468488605,0.015152585404694309
1835,0.07056997537837396,0.058230535610192,0.011651131210710828,0.06924133421875267,0.7699730515253224,0.0014411933230021896,0.018892778733645872
1167,0.028329115335165005,0.04726973250202077,0.8480598477600214,0.03592757209543098,0.016852820591794045,0.00039746972465922603,0.023163441990908726
931,0.011076394548200993,0.32314784534721447,0.005491242763923575,0.505815236776592,0.10637069562007266,0.021064991039846995,0.027033593904149417
1152,0.009901524897646044,0.05198005117711413,0.006272289856424869,0.06093057473324151,0.054505801756022064,0.8000378526240288,0.01637190495552262
1551,0.014265705586991709,0.021509703701211136,0.9416505578110144,0.004151949296568262,0.00420542037932456,0.003366728428904442,0.010849934795985368
45,0.006692226075032417,0.3881439418748223,0.008021825340669378,0.4557516518265528,0.07459667712325327,0.04988004865880722,0.016913629100862373
60,0.015040837222722106,0.06443455645497785,0.005820954058350856,0.07006997573324837,0.07741897887489613,0.7477167396947362,0.019497957961068613
1849,0.004899003173265154,0.029473579872124647,0.0038605771605051084,0.04291384962852678,0.03393579374868675,0.8760135659098552,0.008903630507036209
780,0.03629902653384693,0.061141138222309134,0.0065158229151636195,0.09862727699756875,0.7752598130801726,0.006386414310919371,0.015770507940019697
1859,0.07933505496216646,0.02300365231712979,0.8805260888066636,0.004579711988172236,0.0014921769676672818,9.125859820642125e-05,0.0109720563599941
158,0.2613603099937457,0.5724445441734722,0.04136000895751022,0.014883125829957149,0.0013212702072702752,0.00021617441202708725,0.10841456642601736
849,0.007573753949104721,0.031044327298450306,0.0008355624344800438,0.07781376158245192,0.7169581813775411,0.1640702247422038,0.001704188615768116
686,0.031565379499594995,0.41392217064947096,0.027704249794382085,0.36723957038632854,0.071287427187583,0.0011020836456433407,0.0871791188369971
895,0.005698975264815193,0.2618478391022419,0.004102913702074961,0.5563045244002277,0.08376593397921149,0.07432911149381859,0.01395070205761
462,0.03895920172534529,0.040082096277572386,0.8662099049764556,0.022470182717408305,0.009716267129413704,0.00024179492435633,0.022320552249448594
1557,0.019656338548448914,0.505989487388162,0.0268594478427835,0.34048689649048786,0.06565721138943115,0.0019825263728655783,0.039368091967820984
1313,0.09631490431248196,0.025619063002735726,0.8599270834081296,0.0038384304067984594,0.001045886663237181,0.00010044160899819853,0.01315419059761882
1053,0.04489814760251715,0.5547201277800552,0.08521323187206498,0.1952057691576138,0.02696322764626939,0.0004709841739502468,0.09252851176752926
105,0.008039593814187484,0.03894343329098354,0.003747222063921718,0.04951800371333916,0.05408180920072806,0.8340991864143557,0.011570751502484414
1553,0.8586985586429007,0.0763090110382146,0.014107999735407559,0.0031288332280162453,0.0063801975490454825,0.00020868570473522405,0.04116671410168017
1604,0.7816533720446271,0.12293100127481026,0.009422138316986553,0.0014018369193159231,0.045504967707293224,0.0009484079034692948,0.03813827583349768
1578,0.005412733296091037,0.03092021743074815,0.004197871846866312,0.04354623594711501,0.037564640809035106,0.8700623816708754,0.008295918999268964
1447,0.16561718396260622,0.05567506779106885,0.006970098080553294,0.08754093828422115,0.6661622670438999,0.0050103935076781314,0.013024051329972348
103,0.026003664956782063,0.05245097987218233,0.0026814116959943436,0.07296007555636065,0.822091395345843,0.01726635777562589,0.00654611479721184
198,0.2259648860944856,0.6171661916568106,0.0457418844690256,0.017591297279922966,0.001425170319135891,0.00019362070886869866,0.09191694947175062
1855,0.07273094233265509,0.2050139103758242,0.028338516583557505,0.3782146365648577,0.11564145463521591,0.0009713235297600316,0.19908921597812948
1081,0.026343602829202912,0.05311748529160059,0.0025267117775255275,0.07380978075867255,0.8144992954053961,0.02327812675233647,0.006424997185265874
840,0.005932329498629389,0.030559405871641906,0.002468432141211086,0.04201136461064232,0.04617935378619432,0.8638221147479119,0.009026999343769042
1051,0.09753677939204757,0.7852545763259217,0.048815898558331544,0.0037034767002000397,0.0018202731226639407,0.0010419324028015076,0.0618270634980338
788,0.04044802147745896,0.05594207064208526,0.00679268468146698,0.07707072630320959,0.803214927405195,0.002891770209909028,0.013639799280675262
641,0.05809981898159749,0.3211307598457193,0.05252392250655863,0.36436290033896945,0.04458279623642611,0.0004886200518665779,0.15881118203886244
1822,0.033360756858086454,0.0586574327334121,0.009341483523046997,0.07389110040971246,0.8042971277692855,0.0019026084988333417,0.018549490207622994
497,0.014715509465946052,0.051719424421456744,0.8370957289639231,0.05171771053958438,0.028158101391822444,0.0007481862809965039,0.015845338936270867
1335,0.022601726569853948,0.05083441232273899,0.0020724520880011435,0.06642393005882206,0.8218631350795339,0.031459529412510255,0.004744814468539614
180,0.004484156140664195,0.16260018008867008,0.0016802255179335888,0.5401361324760229,0.06432760896137298,0.2203098792829751,0.006461817532361142
1586,0.11545798577318023,0.10567218086179869,0.7660861878654193,0.0012352364355796915,0.0007517922019990493,0.00036843447454991515,0.01042818238747315
1629,0.017949108113867785,0.0534837108513749,0.002513785188370584,0.07302396471663752,0.8250042943248572,0.021281174977346443,0.006743961827545534
1074,0.01357120873415412,0.3539511877991923,0.007258804201411069,0.4851127277684124,0.10169028254397339,0.01135177859073012,0.02706401036212668
630,0.007045279273275404,0.37884170529264266,0.003914705854348184,0.43621945436913406,0.09649522246230784,0.05310978895771539,0.024373843790576517
149,0.024846378867376354,0.3105367776093631,0.03441496024243527,0.46869809576060356,0.06230493513046068,0.0018515933958324954,0.09734725899392843
611,0.8601622119561557,0.05409044042629264,0.018045256343624357,0.0038904686561611057,0.013721688097330514,0.0005676540973648922,0.049522280423070726
1685,0.8628420587200152,0.04657871344998917,0.014837330909825636,0.004344965975716787,0.024398950092206367,0.002861278563160319,0.04413670228908655
1542,0.7242768219956414,0.059663271252307915,0.053193572199432215,0.030414741804701963,0.07740684503694054,0.0007813013221946529,0.05426344638878152
353,0.8235820447161922,0.08082346602861636,0.010888026930748024,0.001133895241865443,0.011319509887982998,0.03761064098978196,0.03464241620481292
1516,0.8602966259492558,0.05098273184579263,0.024352682579845342,0.005998631275326183,0.007533855555164173,0.0004133883537405581,0.05042208444087549
453,0.8821869882191985,0.05044758299887803,0.013782998442238133,0.003657276487749732,0.006946658736991387,0.0007902883829088258,0.0421882067320353
986,0.8340017094422599,0.055512821680813146,0.018201441512122548,0.03739069724034475,0.004433239126632306,0.0009629552797853635,0.049497135718042005
522,0.7078464181208824,0.09083393613919978,0.0571262041727954,0.029016834245306586,0.04987925809385502,0.004346987063389102,0.06095036216457176
1047,0.8142518904421342,0.055866039134298634,0.03276713893165257,0.025899577317093945,0.011634199224466665,0.010031714825742534,0.049549440124611495
