,Bream,Perch,Pike,Roach,SilverBream,Smelt,Whitewish
1377,0.8657094589933451,0.08168037913050435,0.00810244204672698,0.001103174397909443,0.008199263124346282,0.0017508329468767599,0.03345444936029116
209,0.004022843250896201,0.019900053600987882,0.0035558248946126296,0.037109215492493776,0.029173346185093114,0.8990225124214736,0.007216204154442826
1310,0.8218746266854434,0.07088636165709634,0.02817526803310093,0.005925205070782842,0.018663802027360562,0.00697436079866223,0.04750037572755363
1461,0.08396125848653142,0.022874026949197216,0.8782351230158628,0.004025126027550297,0.0006967373980174286,0.0003859160941203004,0.009821812028720515
59,0.027537194920280412,0.034678560284156376,0.877311695682728,0.0277037613121896,0.01359229812743946,0.0009630542833103378,0.018213435389895827
1694,0.776121496986251,0.08645589676392929,0.044040130326056415,0.02148432476460776,0.024092393858379715,0.0021565306472650383,0.04564922665351079
1478,0.8776506470801588,0.04888853811594291,0.015009449009938747,0.006761735466241246,0.00469857975721959,0.008128932144418463,0.03886211842608029
364,0.0027518826970006466,0.013325553648854497,0.0022957143644557767,0.029738221207417242,0.025918714194579265,0.9211046853245398,0.00486522856315283
1164,0.86190675683476,0.06426737200308653,0.014671486930638813,0.002972656471507948,0.007467682349105165,0.001585981839475497,0.047128063571426036
594,0.8818768117467463,0.053862373047026076,0.013250579501042225,0.003041894300763209,0.005637575619377976,0.0009032122031070118,0.04142755358193729
1050,0.0016099409041931167,0.4441952418424413,0.0002527368104580643,0.05991353955987633,0.034844324781849526,0.4563592514380781,0.0028249646631036515
1776,0.1648727995112724,0.6531244733529574,0.01778124882776962,0.0067157882439553285,0.0005532550314317773,0.0016333510824127998,0.15531908395020058
1139,0.751759212987095,0.18563321472713487,0.014249477579346555,0.001500024367160859,0.002762335957415761,0.0047615307193906095,0.039334203662456275
742,0.08663300654277152,0.0260927704477234,0.8694780958540377,0.004250873264247364,0.0007414222050979939,0.00039506411073374654,0.012408767575388382
1359,0.7490920869518988,0.0673610762120935,0.053096697115850244,0.029984123577547494,0.047650300435934656,0.0023607105628769085,0.050455005143798255
1757,0.011492117759179118,0.49169612266986257,0.011014452337024172,0.34919748029235764,0.08579368813063915,0.023600710164399588,0.027205428646537758
119,0.7998489094153648,0.0797492715087962,0.014845913669951022,0.010042371598687835,0.01386179150060419,0.038153310936560374,0.043498431370035374
1169,0.5179329885551602,0.04819380911055998,0.04276008429077993,0.04683790142268716,0.303608277045279,0.0038212945505020925,0.03684564502503163
675,0.10701159256112751,0.053469328116139254,0.009540054133641354,0.07560439894123082,0.7312750062726224,0.007536339879914966,0.015563280095323739
523,0.004031693970297976,0.017986963603537468,0.0031109758925030057,0.034121763191793844,0.030930268211968422,0.9030276575527045,0.006790677577194575
514,0.020586011811175035,0.40156055047339984,0.009788771959597166,0.4170138967431218,0.10787666013782811,0.011536447913585143,0.03163766096129293
82,0.010256920185558585,0.04545715554316748,0.005700920885207741,0.053673091275805246,0.05676264138149146,0.8143890199631018,0.013760250765667642
1081,0.026231659417592965,0.0510726367684185,0.0024815599300048456,0.06922653400014206,0.8136197021078045,0.0316056151097148,0.005762292666322385
893,0.003918922560825363,0.45859373870812864,0.006348675335871604,0.36329850967156535,0.06348456566519568,0.0907827474760171,0.01357284058239628
381,0.04102437035976011,0.5461152663115779,0.06533845880629889,0.18177659595322324,0.03919580056270402,0.002007933576200621,0.12454157443023521
1581,0.005956728805258157,0.46213123727893884,0.006489035509938057,0.36509292495635043,0.07310118080474333,0.07209501798870495,0.015133874656066247
85,0.7906779565141796,0.09641490528475634,0.018491581941998125,0.0035967192374084284,0.006390920432707769,0.036495225997470244,0.04793269059147953
1711,0.001095951081642407,0.3373820894681588,0.0010359732481373706,0.23015731691063157,0.05732414393921471,0.35923671931992485,0.01376780603229034
330,0.0076290454743508694,0.01553957311278492,0.958776262014938,0.003330298514903166,0.0024235902312720816,0.004525203211607672,0.007776027440143374
977,0.019951660525102624,0.049761695877619194,0.0024268404740189166,0.06720716126062905,0.8281715809103205,0.02727526894745019,0.005205792004859492
1384,0.08278130334390855,0.02680653027549482,0.8701848970699176,0.005547601468817712,0.0008936384259890816,0.0003723457610223981,0.013413683654849686
1038,0.8813642989759183,0.06116105547038928,0.009405405963541355,0.002108903542944274,0.005278863530615578,0.0012801130208263103,0.03940135949576489
967,0.8688000738255331,0.058319316266096766,0.015637383964509807,0.0029326773671441344,0.007275651399837986,0.0018778538322517635,0.04515704334462639
1844,0.17456862514031246,0.629394622530267,0.06648982670252941,0.02916750195621388,0.0007934325380438385,0.0011849867004444083,0.09840100443218903
452,0.8504461672865773,0.080035858768459,0.008192633044074353,0.0011150980590372474,0.02005313790673144,0.0017368936870174382,0.03842021124810322
491,0.6938135533405259,0.0566736120318147,0.051498329388565606,0.05288694602424182,0.10156857143605728,0.001640706497518845,0.041918281281275976
1649,0.008626398029932177,0.01582961185478034,0.9563727868644886,0.0032868934259960123,0.0023857861864599724,0.00435599435332093,0.009142529285022056
288,0.8580637854459542,0.058515932091442985,0.0220313624138154,0.005593716594908563,0.005704138428967395,0.003335643654148979,0.046755421370762384
803,0.022323068070249544,0.5972145562534322,0.038096650345833656,0.22531416364517676,0.06102537939631395,0.005294470080503742,0.05073171220849004
1852,0.015587062923451557,0.43773694300557303,0.014431130143744586,0.4009787405421222,0.08588798128801657,0.0132070194446077,0.032171122652484466
1275,0.05681700097786302,0.050110307300703115,0.003929039785941682,0.07957554595824454,0.7809924640001258,0.021398346557694074,0.007177295419427674
1171,0.13716638707619044,0.0493744814772771,0.025683772142438725,0.05679339485074126,0.7010874435077811,0.002496784829833078,0.02739773611573834
875,0.009201344271133647,0.39667836390909156,0.010118121128915037,0.442231638856722,0.08500868950245195,0.031568867140809344,0.025192975190876488
1362,0.8657433555754516,0.06700369576573816,0.011273785911280816,0.0016487826314706975,0.013318851632384408,0.0010982005146153908,0.03991332796905884
775,0.07370721992129471,0.02098399206843436,0.889383305670899,0.0049911898858395806,0.0009274888184025639,0.0003498289256243277,0.009656974709505375
811,0.8662025589063775,0.0579917528276945,0.018258191599353487,0.005256896825292239,0.007904963833597364,0.0006890821204841964,0.04369655388720073
1011,0.031660625139530364,0.03592899996494104,0.8725796408062106,0.02670265717647821,0.011703581769844922,0.0008727824454690126,0.020551712697525953
1546,0.0015265995763123824,0.006615041856001316,0.0014584546813412181,0.02117751735280518,0.01589394422861311,0.9501610096431813,0.0031674326617455654
328,0.0037811413841844894,0.47817787116632376,0.0005313370640269532,0.07449739410292808,0.05693856084286855,0.3809556539986286,0.005118041441039603
1611,0.8468291751139474,0.07853494088813257,0.00694562170642752,0.0011117091316968483,0.03756767149928415,0.001748180753508263,0.027262700907003164
713,0.8303047799253198,0.10404835253954853,0.011774919782714036,0.0021893836308841366,0.006653598411344156,0.0023682778159209157,0.04266068789426858
1000,0.8357504612941781,0.047139053380406,0.03151880401857824,0.011826415452094487,0.02387317834041221,0.004765453024710042,0.04512663448962096
1019,0.006147131947941316,0.5784823480485595,0.002829089096077223,0.20553722511743502,0.07918127481953369,0.1158069852281906,0.01201594574226264
1858,0.0306994250923691,0.4589285260340194,0.06817609295250812,0.2727759505511575,0.040751321776680054,0.002883815743196849,0.12578486785006898
178,0.21053745417535272,0.672497567009982,0.047093681338812754,0.006710499511667492,0.0009046050364761881,0.0008148631326860524,0.061441329795022835
906,0.01610251286475137,0.4323082295116607,0.02701658032595181,0.4037161229212298,0.07243658999852261,0.01002146655805008,0.038398497819833614
695,0.7647457888773302,0.049924647634164744,0.07944030342618935,0.020674850510631424,0.03769502288436495,0.0005221496249773739,0.04699723704234194
87,0.008823965307207667,0.014746324734866813,0.9576054387758631,0.003138109466932822,0.002263079150333748,0.0037392858524095446,0.009683796712386474
1336,0.00947493371949815,0.3169628699802023,0.008191131225757363,0.5051875651952585,0.0925861125607459,0.03107201468254757,0.036525372635990073
1771,0.03552167001570378,0.054766087285845026,0.005275552579406484,0.07835590548517711,0.8002592627687974,0.013588320890734805,0.01223320097433546
458,0.8425844378944615,0.06868591653292253,0.017054466634722473,0.0030617220921157593,0.016848726038753526,0.0012564105620593811,0.05050832024496498
55,0.003802093352095202,0.3587949002544477,0.0016451664985528225,0.24654796151459676,0.061317697071961136,0.320153140031114,0.007739041277232398
1404,0.015416023645031645,0.12825338916294632,0.7332597750289902,0.06038669190560606,0.03695646902396836,0.0028138515044457374,0.02291379972901174
222,0.03543376082698344,0.05232225598917593,0.005144624576533942,0.07477243257026943,0.8089153726132464,0.012826370531729138,0.010585182892061527
114,0.01500773562739572,0.3952767252460639,0.011945745858633292,0.4397650697892433,0.09222716129663015,0.015949061121377835,0.029828501060655738
860,0.030079383946463107,0.05217068571347632,0.005587857316884367,0.0688249811678011,0.8238352972650779,0.008856894784481107,0.010644899805816128
1541,0.8462882897937535,0.05062494878851844,0.026113464798265245,0.014057718781388763,0.013931723986342142,0.00417888410508201,0.0448049697466498
974,0.002333720529595477,0.009700260233398195,0.001355947579104631,0.021686709004976778,0.022985962426442325,0.9379083680661502,0.004029032160332303
175,0.007882860344092541,0.048262904637942146,0.009102795325037497,0.06163831882912438,0.05076166648916977,0.8097480693504372,0.012603385024196457
846,0.005003881725634116,0.027222793097878645,0.0031995696128625777,0.039575055607630395,0.037478456875373115,0.8780043281996205,0.00951591488100068
590,0.6659709098696928,0.04945039352017244,0.04804637326841555,0.045301434160128884,0.1465301431006945,0.00148050921197728,0.04322023686891858
1865,0.08615835474727641,0.04745357030056743,0.00791020504722549,0.06676945221493939,0.7735712760930151,0.006799823064733298,0.011337318532242778
19,0.011134655476763613,0.7150080913960175,0.0038035242235311523,0.10481730985044409,0.10673971496343286,0.04056524609957897,0.017931457990231884
424,0.01227191151223899,0.3220083472295423,0.01564919131342713,0.5161595632947708,0.08320993490955571,0.01812930375512776,0.03257174798533743
1538,0.02253192776965571,0.05356550375178137,0.0024349627740673165,0.06822442300772306,0.8140490425484911,0.03257503825329636,0.006619101894985086
286,0.00471914505695312,0.554967985640963,0.0029176324814511045,0.22623054882699156,0.06491503617859308,0.1353131425641222,0.010936509250926004
1484,0.8410378841527674,0.09914075267906468,0.010165948389328749,0.0021171570893772666,0.007206431254164379,0.0026733382411428166,0.037658488194154786
429,0.014331590882224637,0.10136962549424132,0.0057453279536127414,0.07306223996747581,0.08134225870833402,0.7058884429768786,0.018260514017233
1782,0.022135918800273092,0.037370063762425826,0.9168462196503305,0.0034925224840462103,0.002729663706757417,0.0023932183162626883,0.015032393279904225
1240,0.10661173801967287,0.053525805452243565,0.0215372671829166,0.06344131420910086,0.7256747096990037,0.00332498122603199,0.025884184211030486
32,0.041720664926307605,0.5059170421724544,0.06533502073320471,0.22020847878354313,0.04020464612027954,0.0018842021158535173,0.12472994514835706
825,0.038753420325671216,0.05370947501363918,0.00528540887493199,0.07153868219836969,0.8086299745062483,0.009650957184121014,0.012432081897018723
1574,0.008989413633982143,0.6001652345426726,0.004029306931985209,0.20913251604308328,0.08967168067972524,0.07209531818916573,0.015916529979385852
215,0.00557251387025488,0.05039477449808861,0.007250615205974188,0.06539097857629064,0.04848768067579016,0.8120181842812083,0.010885252892393291
1254,0.009128321354397341,0.1712693588641959,0.005426164208746236,0.0968797318615482,0.07109000255825614,0.6301831682462281,0.016023252906628146
327,0.012040266010682176,0.5741258835436979,0.026798407603479655,0.2707126344314691,0.06749960320202017,0.016361432811762305,0.03246177239688873
561,0.011486201685680373,0.04136232315450338,0.001425801598075248,0.0466678479486936,0.7855241473487008,0.11012697659709354,0.003406701667253096
1041,0.0020763174490903307,0.009016409108310355,0.001958399483147224,0.024581642157061757,0.0185239563074592,0.939501623791284,0.004341651703647043
1492,0.8521516758014989,0.0876567586735727,0.011498571499862961,0.002223556965660865,0.005761368606361572,0.0009818508092235133,0.03972621764381951
1114,0.31539507971501385,0.047625447572231215,0.06005681108157838,0.05259690719624372,0.4886829661597896,0.0028327751146670663,0.03281001316047607
342,0.013891046642930114,0.05262338807717069,0.8239447665341202,0.05541339321925281,0.03356742097739659,0.002566929244762361,0.01799305530436713
630,0.006790232727970846,0.3468436147549705,0.0037745217814018576,0.4633218588638726,0.09559488994718641,0.06420993557475664,0.019464946349841084
148,0.1510277014341387,0.6605726165160375,0.07752174940772442,0.005737356378753822,0.0012934515595405048,0.0017868353094530884,0.10206028939435195
361,0.8211368833689883,0.04452404959587445,0.040338122317879206,0.01841683726699579,0.030900181485702546,0.0014792768989139215,0.043204649065645785
84,0.18792369429340972,0.7146123912234027,0.01981553069571797,0.003319357031965111,0.0005698240271425276,0.0016739103608357428,0.07208529236752628
49,0.1382711203530699,0.7272847605931583,0.03524635875797099,0.007032652649357155,0.0012314260715632027,0.0017597189606128338,0.0891739626142677
469,0.6772081771680042,0.05739778386546551,0.08313455198239575,0.05382543823676846,0.08448074193365412,0.0017798603400178794,0.042173446473693955
156,0.059942436911196856,0.04142766061217892,0.7836707972411228,0.08350585790206762,0.004089102471947656,0.0004700412391574265,0.02689410362232893
1331,0.10382211067752097,0.031981561590384754,0.8462882659048846,0.0028429967460232857,0.00047868756380718794,0.0005771716686927242,0.014009205848686528
1503,0.10051295558589507,0.06047916092708231,0.8274838738487184,0.002051495034655538,0.00040223335087934104,0.0006360662651666139,0.00843421498760267
1126,0.8304941609149533,0.07896068503963699,0.007731964770094621,0.0010729215347468142,0.014110762454440316,0.03541542480471461,0.03221408048141323
1526,0.008800461296229417,0.4723962768569423,0.00470847941139437,0.35045716294567036,0.1012812662373163,0.04227766451950976,0.02007868873293753
501,0.05014877784256877,0.4933858790526295,0.05082244889261688,0.1669146484104214,0.04712971647980361,0.0019919689659468804,0.18960656035601295
180,0.00519942002251238,0.3120920955466644,0.0018043225412706272,0.38112785169449803,0.07316858616675943,0.2186605181917235,0.007947205836571653
1218,0.09864099636523005,0.19753162646614855,0.6899322819078981,0.0008898199320665612,0.000391080687547845,0.0017232567140716044,0.010890937927037256
901,0.7459553891832794,0.050045906233986075,0.04086045807801828,0.019396182563413387,0.05797691730341062,0.03811233007187396,0.047652816566018164
693,0.2019679508212523,0.3657061920640082,0.057029613575750544,0.22615402039222565,0.02863397215302169,0.000851876771701881,0.11965637422203974
773,0.8329497252414845,0.0831620170598719,0.006985280420753883,0.0010571544984360477,0.04155966406096905,0.0017440426024535455,0.03254211611603088
1517,0.002309782286058612,0.008390250127354355,0.0018467655923093686,0.02426875910541949,0.020607511097281612,0.9385545311986566,0.0040224005929199325
529,0.1563167665839109,0.6917319540118293,0.03825116911897997,0.021189371046246755,0.0006480061339182051,0.0010782758303956312,0.09078445727471934
347,0.005770434997324801,0.024281704221768046,0.004030303154843955,0.03804651466610983,0.03505829110242174,0.8828931519869263,0.009919599870605172
1293,0.002791527444407501,0.42753586225777457,0.0022784138531560774,0.33402189097188395,0.051879495602492824,0.1708079884964717,0.010684821373813233
1827,0.05188999105522962,0.3895637136404458,0.05997426417561368,0.31518886744836294,0.04014147713871976,0.001942819463311627,0.14129886707831643
716,0.009897083393392866,0.052201145898336854,0.006851294209256908,0.0593623669976737,0.053712702589304974,0.8022626203312914,0.015712786580743463
1053,0.04261416947728063,0.5594808074247143,0.0836229663761021,0.19069789288075809,0.029511103578991237,0.00188625809179753,0.0921868021703563
887,0.03498411555933418,0.05238962097710531,0.007719400610363973,0.08072026189520888,0.804207001627843,0.0074200373928667365,0.012559561937277907
950,0.851759159263802,0.05574501129515686,0.025315993848566087,0.008520697095639502,0.009675332059960025,0.0011839158909141456,0.047799890545961406
1671,0.012336569033248835,0.027012042471336775,0.0008721354741868381,0.028635436536692215,0.7524083394134475,0.17650226059944527,0.0022332164716426382
1424,0.40932500759215645,0.07756559046738437,0.033522499787070774,0.09102356877997501,0.3589181291961998,0.013447523886132259,0.016197680291081307
313,0.8717629421456103,0.06758038120315771,0.009924666256126308,0.0039409397057786925,0.005324908381721276,0.0011763190691251738,0.040289843238480616
436,0.02075958159705154,0.6491628166266277,0.04172479002217764,0.16834301656390202,0.060503573349300295,0.0048627185925894075,0.05464350324835137
661,0.8345542270766738,0.07990776220092416,0.007600360317613936,0.001059583745317624,0.007642919183150663,0.035751639807225094,0.03348350766909456
1084,0.851263305542656,0.06598748055823296,0.014831682422574476,0.003863205518646064,0.015514677974613186,0.0012377842735567897,0.047301863709720726
1117,0.8615901256981117,0.04651992416125956,0.016917875271183557,0.00429264279346542,0.019253203720612812,0.009340353708422023,0.04208587464694491
297,0.006177334371268741,0.29755930830219834,0.0020102320364415688,0.40285849023390313,0.08835725565672305,0.19395102982498455,0.009086349574480674
1215,0.8773037208695379,0.0616230447205221,0.010840291198891275,0.0029424745732218546,0.007423963465000945,0.001002087953691811,0.03886441721913406
1520,0.8815542670677069,0.0560423682389961,0.013055658389658484,0.002668027629741336,0.0044146071031714645,0.0009305027307321911,0.04133456883999346
768,0.01664884025903102,0.22192609337693556,0.01907283217501027,0.5888221082261301,0.08393778580869571,0.012542389461240434,0.05704995069295688
210,0.6699100341814358,0.05613295516011154,0.054911621740948595,0.08070619010004278,0.09167722718967687,0.001187648852431846,0.045474322775352384
1560,0.009903338440570597,0.2821386400951997,0.009287776232700056,0.5495196073973304,0.09050760645121426,0.029823920268059963,0.028819111114925088
1475,0.007935173380553598,0.33960187052849705,0.003223608543228553,0.2685807168508339,0.08429394079385666,0.28403261651365297,0.012332073389377252
602,0.0035863029442524032,0.16853208215434431,0.0028400939817236066,0.1321850004012092,0.03703783091209012,0.6473501178982172,0.008468571708163074
244,0.01583263274386493,0.050986026542739864,0.8403013978416262,0.044747874427391775,0.029830312944157337,0.0015774859764198844,0.01672426952380013
786,0.04597424839372832,0.0766576198197448,0.7851628755691694,0.055694767376297416,0.008694585199483426,0.0004690286268900138,0.02734687501468654
1770,0.008846847791960431,0.04779984435195364,0.00443620825745539,0.05492008399623328,0.055629513441844164,0.8144302712103942,0.013937230950158933
820,0.017770785790735887,0.04966960300594664,0.0018606072438533355,0.05970207621464085,0.801482402305083,0.06494533602080996,0.00456918941893022
309,0.030419430828757362,0.030099502301035308,0.9131301086069478,0.0031199006440764698,0.003297412472238565,0.001625256793228947,0.01830838835371543
431,0.00045427369551379455,0.3105313119161111,0.00017440684843268923,0.2051194932374143,0.015587464116753692,0.46628532868716704,0.001847721498607368
371,0.1098273994993141,0.05353708843170712,0.07190217628538904,0.04310068714761197,0.6852624336808201,0.0010938830137559852,0.03527633194140164
567,0.10862761966132856,0.21626789082284467,0.6591061987292889,0.001386895204297833,0.0020704037007740835,0.0013708417885020027,0.011170150092964064
1829,0.019681982473485172,0.05597265820619727,0.825527873163091,0.04605666842432985,0.02848768093646591,0.001443820163655329,0.022829316632775373
182,0.012315987024915697,0.5623924103845707,0.01051023770583967,0.27715229035545336,0.09106507161958168,0.019840504279313092,0.026723498630325842
622,0.00949321527184981,0.40059741858472164,0.006884632040577963,0.43142542635552816,0.09239106055055596,0.038361495789660964,0.020846751407105544
723,0.011368160414822222,0.05490092039308392,0.005871100416703481,0.062004590368807705,0.06208924788377083,0.7877153764049502,0.01605060411786175
835,0.010144842096832115,0.05090819648166486,0.006124254396897083,0.0613061687837901,0.05966491189913731,0.7975965831185899,0.014255043223088543
1717,0.0075448498528050715,0.6948842202301435,0.012053232198564792,0.15868906542660213,0.07377865179501823,0.029782433487035177,0.023267547009831052
1862,0.10329740482100735,0.08944081547774214,0.014865125143654572,0.06627186591544064,0.703278240669729,0.003546639840403117,0.01929990813202329
462,0.03604242054141466,0.04112363692040474,0.8629165466993537,0.024503737982766977,0.011290844888955,0.000582179790786504,0.02354063317631848
1103,0.01044292977108575,0.012654101321318686,0.9579345682269672,0.003134581210170408,0.0032703096727019214,0.0029943545232493478,0.00956915527450669
378,0.1570278499331411,0.703866169666809,0.03331107762488942,0.005101286910087123,0.0010263522981476987,0.0010664900275765327,0.0986007735393491
106,0.012163422483264989,0.4317720628360549,0.009328709765069816,0.40083583935077066,0.09671061587069675,0.021140073377247895,0.028049276316895022
127,0.02257174317319244,0.04202430909296163,0.8610392502748621,0.03446533259662778,0.02089318060161717,0.0010249403965882384,0.01798124386415078
1059,0.04649964295144065,0.05114153018381041,0.002530253765143461,0.07164853085160063,0.7847901259610394,0.038650376876927656,0.004739539410037947
966,0.0050245580316153554,0.5903717026278871,0.015054433080393002,0.25611748814516255,0.06519241551144454,0.05016858520521119,0.01807081739828611
356,0.1006556515423777,0.054894089579113535,0.0037615359509318327,0.08376778682240714,0.7201347993585555,0.0290220326083495,0.007764104138264741
1729,0.1694843464746155,0.7124920768815076,0.02056418869861074,0.0019053013186477944,0.0013366278836087128,0.0012045487004115555,0.09301291004259815
683,0.009650588467657295,0.552721397648546,0.024649196588605246,0.2830942450196036,0.06938203807481955,0.03266607554144051,0.02783645865932789
1101,0.004188094581156932,0.018014478940413487,0.003342004931118162,0.03344131526184719,0.026417136911379452,0.9067731054397489,0.007823863934335826
1722,0.003242722318407783,0.013551797035720554,0.0017712809029132722,0.029016863505263793,0.028287755880246113,0.919124315283308,0.005005265074140342
141,0.15896973365343478,0.6917090212130977,0.03147138356940243,0.004096677088029992,0.0010537731296461953,0.0010630259052531235,0.1116363854411359
1341,0.027030636050116186,0.4408186698293104,0.025543605819357097,0.3759365925365075,0.07764002829355789,0.004042749149970046,0.048987718321180984
1162,0.7094599521736121,0.057994921724081855,0.059926564456527165,0.03973663879662296,0.08636322188281427,0.0006927299786842323,0.0458259709876574
1290,0.7780986207404713,0.04506529319067864,0.03714252941853325,0.01816068826725099,0.07778606737684494,0.0016698665850508852,0.042076934421170074
1579,0.8943066503794167,0.044187077369699755,0.011765303022171178,0.0025343697636864802,0.01074731779066306,0.0015432011588465855,0.03491608051551634
712,0.8066823629367521,0.04555670069451806,0.050770729419839046,0.005265250963204514,0.016246337937313875,0.03509372879602065,0.04038488925235174
1183,0.011485605811131524,0.051119225307531775,0.001816989933417907,0.05993692437745072,0.7954186517083276,0.07583636891937102,0.004386233942769378
1859,0.0708928516043388,0.025567801639118603,0.8841592453466894,0.005241709599085668,0.0016922693338812377,0.00024335416921710353,0.012202768307669242
756,0.0044516044191279976,0.21161972826070544,0.003510297539887196,0.5700479883913929,0.0617477611054221,0.1382990927803225,0.010323527503141822
11,0.009279917937637612,0.01285350004151453,0.9591609667683411,0.0032195179368360535,0.0034267606240110863,0.0032880922658025118,0.008771244425857432
1587,0.8806864272184881,0.04415684296949147,0.016448858740177805,0.004441336539115486,0.01327863303881365,0.0027808990490130734,0.03820700244490037
1667,0.8155860787488768,0.0837455880619376,0.028196211522695344,0.010149840787452685,0.01723726342451271,0.0016458137212442883,0.043439203733280855
283,0.018189487246966035,0.14453380333997135,0.0068676455506720855,0.07654506572085727,0.0886383196014554,0.64135927914536,0.023866399394717897
292,0.251629213525891,0.6297367634781884,0.03979029798013604,0.006333443390445448,0.0011842262295114283,0.0006414371260131702,0.0706846182698145
627,0.6415709041611338,0.05548320808755355,0.052060601459997906,0.08097242011678694,0.1244661924922743,0.0008228755706278257,0.04462379811162568
1437,0.00037312396322539896,0.22488121748466097,0.0004762075694402972,0.15149977555395816,0.00734400935544741,0.6141259373990579,0.0012997286742098375
758,0.2604193940897092,0.05957521883725541,0.055648683642760245,0.05110438194972941,0.5319985809896606,0.0012941371570924216,0.03995960333379276
130,0.005696724923486885,0.02078671738210948,0.003052024736488823,0.03522779936707756,0.03464233668674104,0.8917371215289963,0.008857275375099737
1106,0.006723109188115213,0.37269253342983144,0.006201838839435793,0.4522004345489899,0.08406922244192416,0.05768542125458548,0.020427440297117988
324,0.005420369151801458,0.02941924867443692,0.005272792990718567,0.04361952905005969,0.03164040057915917,0.8737409914901461,0.010886668063678094
1014,0.010302555715320925,0.43037974843712207,0.01570264481778397,0.4096242503869196,0.07903597725516584,0.01844873366909035,0.03650608971859733
744,0.05166326009901181,0.05624316247398058,0.005738298710322123,0.0768489101734513,0.7846234179218894,0.01535309115385562,0.009529859467489146
844,0.008606509728230067,0.24811386881668906,0.006686333933027401,0.5782490569291024,0.0955875140855985,0.04052403579872894,0.022232680708623564
1740,0.015717845364029006,0.32135313425825024,0.008152981960683743,0.5065993257660468,0.10574653764313423,0.0173639167721345,0.025066258235721534
1327,0.0015032404070441433,0.19703242081642747,0.002129209686329936,0.09477773829496079,0.019647662049510586,0.6799614760494676,0.004948252696259303
1325,0.024099609739852253,0.05622226931446409,0.00437734783363609,0.06967074649087462,0.8243414932200787,0.01128906416989637,0.009999469231197875
696,0.04228836998248156,0.21703465997849827,0.04336200324684015,0.47518582554523864,0.0675050386057465,0.0021179315192877747,0.15250617112190704
985,0.12715062691152418,0.05285444133051184,0.030205697804676964,0.05273080290520671,0.7052305358266878,0.0017005650092413423,0.03012733021215103
938,0.18619971318787884,0.6919238112504624,0.039000368168220494,0.0072983049478426475,0.0011576248734011451,0.000654673962135389,0.07376550361005892
159,0.8617770147691953,0.0642358265044354,0.01621940983392471,0.0029468671867807507,0.005109995305006697,0.002584131786234191,0.04712675461442286
866,0.18990885396872992,0.6258255668532221,0.04150595957586238,0.003087002856495362,0.0027358771964970646,0.0016275214052127757,0.13530921814398036
635,0.002805644231386221,0.02096437768057395,0.005502868551454079,0.03887701801231058,0.018188597311851747,0.9061391027900848,0.007522391422338695
517,0.013319572666984294,0.3519463460140246,0.0066110546849627696,0.4703796020538964,0.10935321714929598,0.021655832274532577,0.02673437515630336
1332,0.004206500051157123,0.30228694585682647,0.0043093905207342515,0.4868596478729015,0.05771634024278079,0.133508837355907,0.011112338099692969
598,0.04513304735299145,0.07525350353055768,0.7897041526870806,0.05558112436048873,0.008265606265348495,0.00046438108727578055,0.025598184716257338
196,0.8399122504169991,0.06004090781133253,0.025304423791637675,0.006155589670764689,0.015024893413550504,0.0030784209235151967,0.05048351397220004
1539,0.21678718525626242,0.5975220920472889,0.03327284330749314,0.02780818771683978,0.001783014815236499,0.001244560807731728,0.12158211604914748
766,0.012067652604360076,0.11018245593333596,0.008685622428815763,0.08221456070426247,0.07619889903595449,0.6912145512731026,0.019436258020168812
411,0.1922022467979684,0.6717916392375821,0.04478538071271431,0.015286505464283713,0.002720426661544473,0.0011326231239629516,0.0720811780019441
97,0.02318459417172836,0.055405805797356926,0.005417817099459546,0.06878182833178996,0.8275568480622454,0.009084771870740286,0.010568334666679384
1531,0.018384706593359716,0.4931508684423133,0.021679347333503973,0.34629736669542166,0.07680349006376683,0.0072261187208164405,0.036458102150818066
1007,0.8694756124012848,0.0438081167006863,0.021035813951496077,0.007161225627100549,0.014968234368761204,0.001693839961381348,0.04185715698928973
157,0.019032701941629464,0.055622615662415296,0.0024692290598988926,0.06949553327696614,0.8046269273816192,0.042016665437076994,0.006736327240394079
420,0.08086297235519387,0.02496084650844582,0.8766616789084134,0.004047501326121596,0.0012699564715774254,0.00026125454072764874,0.011935789889520133
1513,0.22622673406054442,0.057944367697834044,0.04705036283128728,0.045195018846982064,0.5806207400719393,0.0010125338013319612,0.041950242690080984
478,0.851287353631459,0.09839487413338986,0.006495841464911951,0.0009297507639699792,0.008457602810346654,0.0014556130358375967,0.03297896416008477
916,0.014854163761634712,0.32887671482627373,0.010174411913130782,0.5001685021941101,0.10109768630802875,0.015829857378592733,0.028998663618229125
669,0.009394775063484996,0.013137556593060732,0.958936909091831,0.0033126061301627205,0.0035935644569488456,0.003594195949348153,0.008030392715163691
1464,0.8637997807599067,0.05320583254519137,0.021663215382377036,0.006631087832737189,0.011287050119157154,0.0007091784221310158,0.042703854938499604
964,0.00779415390943197,0.24960429380938776,0.006235626099718352,0.575393382767783,0.08427568398042394,0.06065993421489885,0.016036925218356143
1212,0.01792690796487895,0.05737414137645102,0.0033078959186029866,0.0769348110336185,0.8053836999804566,0.030239901559796528,0.008832642166195394
448,0.8047898540659738,0.04497035742874508,0.037103278514113235,0.014730550940355136,0.05575564358587354,0.0003236170926379039,0.04232669837230132
1147,0.8578475917189676,0.049794364113781936,0.023935396606973747,0.006150826280868265,0.01528593190939193,0.006109145075287888,0.04087674429472849
179,0.26079249449474873,0.5471899758183271,0.05503914038914085,0.02414695903802697,0.007020399028265046,0.0003000112366705965,0.10551101999482065
391,0.01420339830662577,0.054340360406533554,0.0019068706194398906,0.06497580199562349,0.8280118950369433,0.03280302365907615,0.0037586499757579646
579,0.0066899946468091985,0.40266660188253417,0.009851759744274604,0.439952404805368,0.07426377703706853,0.047877237583131387,0.018698224300814078
1395,0.6014512652336175,0.056507044127327176,0.08175906095394411,0.055187051351652076,0.1628432653075694,0.001484110293351236,0.040768202732538526
1693,0.16119616839239329,0.7220604732015632,0.03924766492347706,0.0033675925450839584,0.00250932903895558,0.0019353927937898082,0.06968337910473707
1540,0.02153596180251051,0.636523504106162,0.008665454668266494,0.186031141090548,0.1079462146759143,0.008395024703578615,0.03090269895302003
1321,0.07435762801608486,0.057428192560684606,0.007965541793043185,0.07166145578811643,0.7660974661780299,0.006758991845589503,0.015730723818451524
910,0.15133529806484217,0.7252172662615548,0.038457062359739176,0.0057571398115507265,0.0013951250879354216,0.0005891048779904711,0.07724900353638729
862,0.015325528333401154,0.07210989420678947,0.008391318836913702,0.07537774017358191,0.07610508509315704,0.7315098851654579,0.02118054819069876
949,0.8039161554970563,0.051828676347625446,0.03881868270579888,0.01489811393572135,0.04390928567508915,0.0016546176788076016,0.04497446815990123
665,0.014166328406841332,0.42678372397880465,0.013527843937478072,0.41228168741592824,0.08789263432043433,0.01432554225004965,0.031022239690463745
143,0.8691437840437621,0.05168797722954355,0.01966044040872101,0.004479902519644437,0.008917224564482155,0.000797766382722392,0.04531290485112429
1419,0.8305995783502537,0.12176534862381334,0.006005087501986979,0.0010061155135466123,0.00576567208217962,0.0010428439059619828,0.03381535402225797
1845,0.17934427841053693,0.0557344798866897,0.020067287821985486,0.06849511814904098,0.6514760964069075,0.003154554160077924,0.021728185164761483
422,0.010036585730033866,0.6220605244302848,0.013825829999876088,0.2242184228542721,0.0804485875568013,0.02187922153006333,0.027530827898668436
637,0.8538313781578469,0.057817648211181204,0.020061234596552853,0.010407918273335827,0.013880404040086424,0.0010728053053006151,0.04292861141569618
1311,0.007567791238411614,0.4957272145801928,0.0034362400977136325,0.3134205501226592,0.09522567679836878,0.06548140846984092,0.01914111869281314
1466,0.03986756274155929,0.0663202991640838,0.8151805378079543,0.051504828545002636,0.007743552516884648,0.0004413107073033579,0.018941908517212024
295,0.07254926565887714,0.021439857215728386,0.8915648804597321,0.003754991411677662,0.0013062195867695064,0.00024509868857302983,0.00913968697864234
1774,0.8057768445331868,0.048820342444076174,0.01722961581970044,0.03881775461779797,0.014533623545585522,0.03413497003536138,0.040686849004291696
89,0.08451612582160524,0.03098729295318958,0.8613498534779659,0.005562203891689404,0.0013665630852273266,0.00026202190762894106,0.01595593886269362
42,0.1126799904908165,0.047086714046271905,0.8279073478829236,0.0008880546879586711,0.0007230011001530828,0.0009786620236613744,0.009736229768214815
1802,0.008416792139445324,0.2005820403475068,0.00845130028012175,0.6300752074088228,0.09102917597987688,0.03717357010695966,0.024271913737266726
132,0.004147087496066676,0.45645415775549275,0.002362361494219371,0.26674544019500374,0.05084498331692394,0.21053492404588134,0.008911045696412368
1582,0.2048949431218279,0.6439959190989483,0.05208517542575954,0.016685114401933442,0.004324735425869034,0.0003211969286237598,0.07769291559703793
986,0.8235031278599685,0.05749610376528035,0.01944028271826923,0.005070079014154087,0.007214829703868198,0.03949189121139915,0.0477836857270604
1730,0.868260190663202,0.049007473664084304,0.02106683274990494,0.006094101480679233,0.011284645818385073,0.000404634543493702,0.043882121080250754
165,0.8784759958730302,0.055577449478075074,0.014253818265359161,0.00283246398047933,0.0049525772782375325,0.0006136821918303435,0.04329401293298842
1853,0.020883428354721605,0.5684508966527163,0.02123279643051616,0.2673178483161198,0.07742342871316406,0.006207491242334201,0.0384841102904279
779,0.006728447488766092,0.21834346584939668,0.008141567963796732,0.6132140424453326,0.08033417760840726,0.05468916056633421,0.01854913807796628
349,0.7951190053468342,0.0546016802301813,0.02046301187337327,0.039504629395452316,0.007774008097179288,0.035151366021973336,0.04738629903500624
1421,0.8549667263489295,0.04867824551961785,0.0230446433159576,0.012021059254304871,0.01596497137834404,0.0013583952254702762,0.04396595895737596
1661,0.17616661012067278,0.3536389062506882,0.09569960447414122,0.28614127959456087,0.013161459323052191,0.0004979259204945152,0.07469421431639006
1491,0.007272117592271348,0.15430899293956313,0.009778754404940177,0.6860009971193238,0.08049099785774032,0.04459219518475111,0.017555944901410266
899,0.8101949885969537,0.0736785078776473,0.023787149787292797,0.007359134876359295,0.03968387503100248,0.0026483686354944057,0.042647975195250244
817,0.7339011643545469,0.05221166292034748,0.05038635572816444,0.04658582615958506,0.07251023341246371,0.0009652362203162509,0.04343952120457616
1732,0.7425068792581525,0.047099163700838886,0.04718418578453625,0.023464696840193686,0.0602226311228202,0.0004132565172125054,0.07910918677624587
1054,0.869479182237917,0.06252601149714099,0.013341129381574722,0.001909998968277547,0.007907404956529142,0.0010906949724433098,0.04374557798611733
329,0.7711671347487524,0.057724795396943106,0.04671733600650738,0.02706809678128652,0.04465901332674065,0.000982687121764621,0.051680936618005276
927,0.008937425714075216,0.5395804368411191,0.010493917624731777,0.3045219307689723,0.08228027187236572,0.03092862066119782,0.0232573965175381
1621,0.8085238064247569,0.0662590773435733,0.054865227466016325,0.0039797459272719726,0.011566206390101254,0.006847042834283014,0.04795889361399738
650,0.8534641356780884,0.05836713444261341,0.02001992139127985,0.004026621661739618,0.010589777644856123,0.008501931317985158,0.0450304778634374
259,0.8560531966602811,0.060511566897769126,0.01096974186132466,0.0017939596959698116,0.029591713284104416,0.0006352846156231494,0.040444536984927705
139,0.563846284977609,0.05519629170367655,0.04323763667784981,0.05464301241997577,0.24432207292155605,0.0012348392974987972,0.03751986200183398
1209,0.914092544853461,0.04432071355850888,0.00707088232096345,0.0013403093695667388,0.009692667575771188,0.0012100584082959528,0.022272823913432868
140,0.8055086332217928,0.08999595628127592,0.008887973805471338,0.0012375075368930178,0.05398346320533908,0.003878004194045275,0.036508461755182665
787,0.8398426947675216,0.04429014888665166,0.031344301113121885,0.011696588141253848,0.02937607676104988,0.0006403950564538658,0.04280979527394727
1609,0.7572845949329263,0.04791198275040523,0.048349836813988606,0.032324389589688335,0.06943912892509486,0.00044484705251433414,0.04424521993538231
1028,0.8545746373175417,0.06346627631444149,0.018044400418574587,0.0034240655067709225,0.014544187023189874,0.0012050913140480735,0.04474134210543352
1179,0.7396880151781553,0.044023679952187304,0.0460174281418399,0.023549277224015397,0.05197174419773914,0.00042023743852416404,0.09432961786753886
1346,0.041899894374377335,0.41759594452291404,0.0493179201913338,0.24542283946550772,0.05498008442158822,0.0025356194147630844,0.18824769760951585
616,0.010734395676763863,0.04326281422497626,0.004011662982245479,0.05027453591512274,0.05722615466089529,0.8208585975498742,0.01363183899012225
1493,0.0791617933953157,0.052982062058627793,0.008668395687446708,0.07837632296268855,0.7564876314292682,0.008897043895554601,0.015426750571098527
1683,0.016752624700775747,0.03496027214560905,0.9211373731578195,0.003190482264906267,0.0027420014349843693,0.002668975070454906,0.01854827122545027
998,0.010373331925994404,0.044938015143046246,0.0010323518429320594,0.0507873082935165,0.7978281936867648,0.09138642419396688,0.0036543749137789277
1655,0.008190389649454764,0.3651785276566894,0.010758979761273282,0.48169515743545954,0.0774130883381778,0.03514192415884639,0.021621933000098886
725,0.0031406973380532083,0.0725602986264035,0.00751495685731446,0.0585209962737382,0.029893950745405868,0.8210788164298287,0.007290283729256009
291,0.045291839284179715,0.04792546952857978,0.043064926888215144,0.06225559101239773,0.7827659687519836,0.004513690029372095,0.014182514505272052
1768,0.025345557812185535,0.5735101342332825,0.030322508235508455,0.21343732191667786,0.06701240632503318,0.005979953632166989,0.08439211784514548
