,Bream,Perch,Pike,Roach,SilverBream,Smelt,Whitewish
1377,0.9343740916102884,0.009469737498247756,0.0020381683968235796,0.0005729326079493086,0.040501776813218135,0.002202921881675882,0.010840371191796913
209,0.0004196650286775768,0.002151121508857785,0.0016827797336569554,0.0009397016288601939,0.0005191155937788468,0.9939503291307576,0.00033728737541096894
1310,0.8725003516032288,0.03706161674136459,0.010412335979596463,0.00509392163785377,0.02138072851289377,0.007418284043625842,0.04613276148143681
1461,0.00048978293515998,0.0007815814793948281,0.9969838404930481,0.00031017445948140353,0.00036829675090022085,0.0006147133731969216,0.0004516105088185576
59,0.00024048564175098807,0.0003924202101513473,0.9980775749766503,0.000292718394011706,0.00017639855044482657,0.0004973750269019664,0.00032302720008877957
1694,0.9173495955081391,0.01635988329902779,0.0024584310856578567,0.021005816830309013,0.01982572285164219,0.0018452662530370055,0.02115528417218709
1478,0.9620108244503051,0.0067579414760247205,0.003399304434410748,0.006474837302453417,0.004091892960186842,0.010239184813735024,0.007026014562884427
364,0.000642835760900792,0.004662111928696383,0.003193703981788643,0.001358571179378512,0.0008252327688338159,0.9888650112889309,0.0004525330914711308
1164,0.9112908112397807,0.024181320932539278,0.0010356266218919485,0.003880627640684521,0.007498787235830515,0.002590675770766905,0.049522150558506145
594,0.9833646507759436,0.0052390502549231645,0.0014537795211203948,0.0005410351570068946,0.0032612455397227455,0.0017477866738973228,0.004392452077386104
1050,0.0006961624237952917,0.7826685354643691,0.0022433304898723814,0.1413923264524415,0.03349962371284058,0.031115782525858532,0.00838423893082255
1776,0.04371577347720746,0.7266980830771558,0.0006343542211296766,0.011431042075905874,0.0011548734124525934,0.0023960445463511604,0.21396982918979743
1139,0.8824295849915327,0.08487415444737173,0.0023787152665864083,0.0010190606355967957,0.0028348033625063287,0.007513533504253896,0.018950147792152282
742,0.00032176498425084293,0.0006376917804489099,0.9975852992492311,0.0002550848421017424,0.00025007044559774617,0.0005271717293552178,0.0004229169690144569
1359,0.8864461800082509,0.02369678930541284,0.00502257255619555,0.013592266146165898,0.0458917029994079,0.0021113335029242877,0.023239155481642588
1757,0.0011348392580987742,0.5622758804455759,0.000611261428995516,0.3693376957233752,0.013637266757558148,0.006810405769236601,0.04619265061715986
119,0.8509060392184424,0.07100067827390895,0.0023446761839167273,0.014313591276460258,0.017420101331717546,0.004967940964235497,0.03904697275131858
1169,0.7167103366368549,0.011356442352540573,0.004744876279239498,0.02070704143761379,0.2290090180941878,0.00445062299424214,0.0130216622053214
675,0.1179697559283709,0.012272341285924167,0.001619006569331976,0.030662163336098516,0.8306921003975459,0.0016278806318091308,0.005156751850919198
523,0.0006225520640805454,0.0038798056616636185,0.0026478715286003974,0.0009544482681886206,0.0007352554991280517,0.9907208091724922,0.0004392578058466105
514,0.001750793939252211,0.36976883011873624,0.0006910707687468766,0.5308345019936899,0.04152646690558035,0.011309722394077078,0.044118613879917314
82,0.0007162746957667503,0.004646396634533831,0.0027141349724159256,0.0009504727602913978,0.0007996095950758584,0.9896821412459126,0.0004909700960035757
1081,0.02191855193442059,0.008114393047809554,0.0012666621112212022,0.018709169205277456,0.9473403386159802,0.0010847644266959485,0.0015661206585950505
893,0.0009700729837824165,0.6233941475079273,0.0005720879137474755,0.3364618174451765,0.010295601664139765,0.002486214411391195,0.025820058073835278
381,0.0088564892732661,0.6574330962563384,0.002783096580428582,0.18006930414069253,0.00893121403014257,0.0025928202272443505,0.13933397949188758
1581,0.0005109815180083441,0.6359571961875913,0.000713302926352341,0.3211328565982889,0.012001676250393271,0.01351175183418337,0.01617223468518249
85,0.9078613739281093,0.02333026106706716,0.002737029019598138,0.00527427186537384,0.005965112973516727,0.0053205287817346585,0.04951142236460037
1711,0.0006811928395768232,0.4031270688535491,0.000667782730869242,0.5409962825924465,0.021419114122052812,0.002572212510786717,0.03053634635071903
330,0.0007140101993642561,0.0015257253938913773,0.9951085514605577,0.00048370140711087253,0.0005199768008191098,0.0009815632511210822,0.0006664714871356113
977,0.014530073813819972,0.00618585167530488,0.0013629508042299655,0.01338390432580928,0.9626813617110687,0.0008756839672982016,0.0009801737024690092
1384,0.0004574415447130599,0.0010208282029256473,0.9966017214206451,0.00040720962168078607,0.00027480362439977185,0.0005763091988056132,0.0006616863868301165
1038,0.9683621981441997,0.007523683377024948,0.0028833434746780968,0.001168174653497378,0.005943220681263261,0.0024317318361160465,0.011687647833220535
967,0.9497503079170864,0.01441603866333722,0.0036733485856813835,0.003428477880078487,0.007363543435517914,0.003295562489108676,0.018072721029189963
1844,0.0976493958416418,0.6878229027721975,0.0265329828432618,0.034262515100900094,0.0012626072047977966,0.0038146098393849475,0.14865498639781605
452,0.9261652231989453,0.04508156851127806,0.001005745002892396,0.0005428126922793465,0.01762907783143425,0.0016635956160744425,0.007911977147096173
491,0.8696478220202053,0.01708357402594293,0.008130171736069414,0.031312180243513794,0.054990423529248676,0.001838797407593005,0.016997031037426863
1649,0.0007025455872143768,0.0014713887524498792,0.9952067109810413,0.0004784341510427446,0.0005101178739155785,0.0009633619184696306,0.0006674407358663472
288,0.9641550412944491,0.010564049130821136,0.008157394159745026,0.002287884808097102,0.002809400103160772,0.002797818653804672,0.009228411849922201
803,0.006369419562410225,0.6394307046843516,0.0006913464839349371,0.27319387554091557,0.00765526576477272,0.0006340134914780493,0.07202537447213699
1852,0.001565732307258506,0.621986048529542,0.0005529134798541579,0.31783131383275637,0.01465613450936261,0.0042131922439610885,0.03919466509726528
1275,0.07138417339875548,0.00677376576957536,0.001492918283846848,0.019211618936055646,0.8988198695682829,0.0003654431753063324,0.0019522108681772961
1171,0.11686884048887414,0.013628946357954782,0.0013373435759180263,0.020811296478962276,0.838906123040538,0.0005898535932705101,0.007857596464482081
875,0.0022772953286571804,0.4574830520015063,0.0011335438074433464,0.4742670752220531,0.017653697864544432,0.006126031731049634,0.04105930404474596
1362,0.905035616634477,0.05202978671119799,0.004903060505492698,0.0017252163687595703,0.016700395401035798,0.0041695541994869615,0.015436370179549913
775,0.00039315146586498163,0.0007098391595723352,0.9972343413840007,0.0003323062288765636,0.0002950671054634024,0.0005561052237251688,0.000479189432496994
811,0.9588200234856569,0.0172598813753401,0.004485337869104531,0.002603505394588709,0.006693025198120053,0.002063825548369479,0.00807440112882009
1011,0.0003035095182382941,0.0007429726989219375,0.9969123206933648,0.0005740927702234273,0.00017197346895900427,0.0007782878231267382,0.0005168430271659144
1546,0.0003406949325615168,0.0014767061510088562,0.0011630200859530351,0.0009271336104126806,0.00041907028786647324,0.9953851336916825,0.0002882412405149838
328,0.0006197238138421823,0.7544337338131307,0.0018314346019947943,0.1364758101128578,0.05339631022361965,0.045506344716604114,0.0077366427179508005
1611,0.9734375323626473,0.008330610940872138,0.0009983168806077724,0.0005416563454436615,0.004793914009001144,0.0025747085297564763,0.009323260931671566
713,0.9407136465070596,0.021119366473841675,0.0012293668359245678,0.0019755952887073845,0.007073094140546572,0.0017838829325001473,0.02610504782142012
1000,0.9266471167359658,0.012061693361154967,0.00271373794495435,0.007966629734716587,0.028617336046024417,0.003359546785548634,0.01863393939163524
1019,0.0003073774089288555,0.7014584535214153,0.0005542715738524138,0.24481107281247963,0.021116229340460573,0.009481589259560937,0.022271006083302052
1858,0.013913371762445975,0.6590272594424432,0.005249012826818182,0.22916952333336718,0.004702555285010425,0.000898590851070053,0.0870396864988449
178,0.011615656859332616,0.9192144342839356,0.00038596673305555155,0.008043427786454236,0.0004422559563819248,0.0013617313253687369,0.05893652705547143
906,0.005185733336405082,0.45780647536137575,0.00492773149188755,0.46324914987039917,0.011940735820618874,0.009843402270881901,0.047046771848431646
695,0.8505572931580186,0.021023353619588434,0.003704544628139622,0.029074725765425722,0.048659849504838114,0.0025872922025792443,0.04439294112141016
87,0.0006486388331811457,0.0013501905118402907,0.9955350481904027,0.00045235298745073847,0.0004782644531923878,0.0009345942256473583,0.0006009107982852951
1336,0.0034663928535949348,0.32525002707138234,0.0006429993622167935,0.5820777731003479,0.024941641819334632,0.0014265671333575447,0.062194598659765836
1771,0.028792573390049352,0.019053711659571718,0.0012665424249419755,0.04934064899345982,0.8947943604385413,0.001649969903733601,0.005102193189702378
458,0.8645868299364743,0.035699772666858066,0.003749370739809543,0.007204791523291909,0.020147432614562477,0.003712404431130326,0.0648993980878733
55,0.0005299951452983276,0.4842895039287735,0.0011265779431631209,0.3661159496372383,0.04045597368375323,0.09225820005173084,0.01522379961004263
1404,0.0021920407457170564,0.0019994690499495495,0.9902084135092627,0.0014953964123074863,0.0002817856203843712,0.0029432831183910705,0.0008796115439878311
222,0.029624985617946704,0.013148005327004315,0.001067207450241134,0.028400567593140514,0.9240147487727355,0.0005747480087717718,0.003169737230160105
114,0.0019889125475752657,0.4534315858201173,0.0008229753291251475,0.4709121069933891,0.023548281718730885,0.007919442658858319,0.04137669493220383
860,0.016975361589175494,0.01178648463933829,0.001106740771909826,0.019959158842260724,0.9476439819306957,0.0005216629121331102,0.002006609314486986
1541,0.8500234374564365,0.01469444903000544,0.03905972537516043,0.013291095483113274,0.01599416473150528,0.03863662589323886,0.028300502030540266
974,0.0004819501506123645,0.002482430754412201,0.0013379059101209312,0.0005384606383710778,0.0005291392011306598,0.9942722136299379,0.00035789971541471197
175,0.0006038390813150015,0.004847296758265706,0.003770611848432158,0.0013765862421721913,0.001684337939060992,0.987264029395647,0.000453298735106922
846,0.00023433442876913058,0.00570320045241066,0.0006224344283232496,0.0026633832234383777,0.00043757375900366024,0.9900071965840369,0.00033187712401795455
590,0.659329646569877,0.02282916640163204,0.002022161782138559,0.08502517316731827,0.19379388230095718,0.0019822192848876407,0.03501775049318936
1865,0.08652241717226927,0.00580385237470122,0.0023848188964968767,0.014069304216612982,0.8883325817639952,0.0014355205125772838,0.001451505063347253
19,0.0003180513832593728,0.8353051915196016,0.0009261672471514154,0.12037818402082455,0.018087108424544206,0.0020207638448060156,0.022964533559812938
424,0.0035225965239801932,0.267757017996547,0.0021253321178250142,0.6512966479333769,0.016204107075903394,0.008692843560267473,0.05040145479210001
1538,0.014911813933932839,0.013096956516602852,0.0017642199485822122,0.027463653948205824,0.9358143327678707,0.0047728864691156244,0.0021761364156898154
286,0.0002531240006894083,0.7808753248883402,0.000463212474955105,0.17433110278088684,0.014814803660735435,0.007886634790772645,0.02137579740362021
1484,0.8912557996184488,0.08645153314950987,0.0006180646464797873,0.0008027655578818528,0.008443561841105812,0.002423519824182968,0.01000475536239078
429,0.0003075692370677734,0.0035511766740944782,0.0008495841148589168,0.0027927551450597134,0.0007261542211332347,0.9914386289020575,0.0003341317057283641
1782,0.0007062993296369902,0.0019356123020103642,0.9940046739434575,0.0004631748921553791,0.0005104237942106835,0.0009035418504912798,0.0014762738880377648
1240,0.08442330522115889,0.017771205012472133,0.0012668491383383167,0.02568686413647678,0.8615726951282104,0.0005835544966043156,0.008695526866739127
32,0.006298852993070256,0.6443463242139125,0.004367968535307137,0.20867337270534772,0.013078359921498991,0.005367019990228422,0.11786810164063509
825,0.02254817821706186,0.01632153530762175,0.0014864613410333698,0.04050458479559317,0.9110680776949844,0.004602766353493207,0.0034683962902121827
1574,0.0002664778412628382,0.7647430112524085,0.000522669960948481,0.18547856585217218,0.015889962860829786,0.017108078797073805,0.01599123343530444
215,0.0004778408721014247,0.012657341189103966,0.00496287261873822,0.018993312639816056,0.002319890787650945,0.9596728793135757,0.0009158625790137792
1254,0.00042254509682829725,0.12635154657087458,0.001121082745305218,0.09818748185497912,0.006184915795918601,0.7639829357979936,0.0037494921381005845
327,0.0005284269616585239,0.8193475166576886,0.002009393045302527,0.15027890244993253,0.0036715722188260303,0.008098230545252574,0.016065958121339322
561,0.009206907570186567,0.012489888442246981,0.0018684495530960183,0.022737128690549543,0.947905207540165,0.0041042108394578145,0.0016882073642981302
1041,0.0003411646143902083,0.0012914526827620093,0.001026758077735581,0.0006813786946002222,0.0003789528536269218,0.995993822493233,0.0002864705836520621
1492,0.9737813284898342,0.006428970966967152,0.001974530991248767,0.0008739633717032851,0.006135081913453855,0.002001946147594436,0.008804178119198152
1114,0.5127763402807751,0.008869669264030612,0.06270004334077908,0.013846521736993965,0.3940680281118014,0.001149126154671133,0.0065902711109486626
342,0.00044770983806365284,0.003081573883037758,0.9907929330924583,0.0033152416046308072,0.00019349005894700393,0.0009408562930318716,0.0012281952298305756
630,0.0015324090653777848,0.2929580285268529,0.0007414087786589313,0.6227898049678205,0.03504862076983933,0.001361823704443115,0.045567904187007374
148,0.02293664171031681,0.8700260656005012,0.004415726779656199,0.005299844289819171,0.0010348110809206064,0.0019911511197518886,0.09429575941903412
361,0.9365193813889592,0.00805039198842676,0.002186082018684261,0.007926954385650569,0.030990987095427885,0.0032324204229929186,0.011093782699858307
84,0.03212372681142115,0.8588550322105108,0.00035414798873132785,0.003716334571142973,0.0007038183743157941,0.0018270814416870343,0.10241985860219072
49,0.03235984385070166,0.7960522207119737,0.0007443875719431052,0.007862319319750155,0.001003679961072936,0.0019131919167138854,0.16006435666784466
469,0.8128762364110814,0.021251934354437615,0.016330368637605373,0.03454285863469157,0.08689724311788793,0.0043623140881838005,0.0237390447561122
156,0.0025106960319595008,0.006457504675966515,0.9826936014061514,0.002869245541799188,0.0003495053533749846,0.0021123155165844554,0.003007131474163906
1331,0.0003809871299232484,0.0014042976450715577,0.9965222906059519,0.00026723125240775224,0.0002814189785399721,0.0006575252489390438,0.0004862491391666162
1503,0.00039323565443792835,0.0007728098845667195,0.9971311358476943,0.0003118976296639598,0.00033453257683896355,0.0005992867073926053,0.0004571016994056028
1126,0.9400343276341538,0.007022513966027406,0.001511694688560675,0.0004897785998905546,0.04417016172569028,0.002831561202681246,0.003939962182996081
1526,0.001109881676111648,0.47600870296231923,0.0006223049346425315,0.449888628398414,0.030468111157574942,0.0011018964223236936,0.040800474448613934
501,0.009430028396395897,0.7236557825915734,0.0009380749220105765,0.14569073584221742,0.010661952586643741,0.0008066275954010507,0.10881679806575807
180,0.000921262327434161,0.3609374618063635,0.0018095284762129937,0.4466802440643851,0.04679386571665756,0.13378457833772153,0.009073059271225217
1218,0.000573297809514566,0.001333117391450472,0.9956690781793469,0.0004138145541237807,0.00045261069186759494,0.0008353373819275791,0.0007227439917691635
901,0.7199036966036846,0.02946077730218043,0.005021437248226786,0.06318610610071645,0.10514583878648172,0.007702060645121244,0.06958008331358874
693,0.041307451605927574,0.2128399529284848,0.0023310594503333343,0.5075991687836854,0.03899214793285872,0.0037200718789857207,0.19321014741972445
773,0.9348684632449608,0.04715159325856524,0.0010563921198048964,0.00043032100701754925,0.009769673245830205,0.0023031744092265787,0.004420382714594867
1517,0.0006301285605558448,0.0033110383493948413,0.0022540214221513123,0.0007979931302527598,0.0006837587722736166,0.9918797041170128,0.0004433556483588383
529,0.04442354799454764,0.7690422174965729,0.0014733872245657016,0.034895751675991855,0.0009410249929167228,0.002765991109761071,0.14645807950564413
347,0.00045054904885081414,0.0016658662468925058,0.0013435514789459611,0.0004927011602238735,0.0004702644509919701,0.9952309995266321,0.00034606808746279145
1293,0.0006306920690377117,0.44380188734936205,0.0005755212028602522,0.50059104365526,0.019706744692124616,0.0014533020869404091,0.03324080894441495
1827,0.030052869631086897,0.2953957596674086,0.0022844255629912197,0.41603784782579584,0.014237788368093071,0.0019384898360362828,0.24005281910858822
716,0.00033095073303521043,0.001414156919807157,0.0010777645310571147,0.0006921657436427527,0.00040502687269785426,0.9957930109503453,0.0002869242494146396
1053,0.01752565280186773,0.5928336224964101,0.004406709877801471,0.2913636312169274,0.00409279506287168,0.0010938552839299795,0.08868373326019167
887,0.026254104617454865,0.016075201929905795,0.0011724989330542913,0.028648067492139998,0.9250006188392003,0.0003133718485256208,0.0025361363397191747
950,0.9467268282144631,0.014440723589644829,0.004372136737486552,0.0047464576227147426,0.006941438505180557,0.0032661549110652964,0.019506260419444928
1671,0.011758564220873428,0.014213704966432926,0.002235271297367437,0.021276372267101742,0.9435638115205974,0.005218357722382955,0.0017339180052440538
1424,0.5410515989987575,0.0669905913838708,0.03625834810536808,0.04639819207567217,0.2926529306400546,0.0017356325855391451,0.014912706210737632
313,0.9003244956061227,0.056903807552207135,0.0013134198659644361,0.0031509276536997467,0.006022796333189022,0.0034357559824945362,0.028848797006322553
436,0.0027454529243200903,0.7569447461922746,0.0013969548155712203,0.1818858354486542,0.008870677594736915,0.0032890009073910024,0.044867332117051885
661,0.9303809518542682,0.01144272235533732,0.0014502404466497857,0.0006432063668849828,0.04031213797792533,0.0021289364227363183,0.01364180457619815
1084,0.8735610837826671,0.034720916294858885,0.0012583347225083173,0.0060931332663670046,0.017405606590349027,0.0032507513743807743,0.06371017396886884
1117,0.9344890698577046,0.00881639350879693,0.006021745862944618,0.0022013790143823146,0.02528048402780785,0.009293748918956976,0.01389717880940663
297,0.0011440515928611047,0.3337200065378532,0.0020023841734967307,0.45612585095429226,0.0753970580388457,0.12222795405841176,0.009382694644239178
1215,0.955458448096536,0.012552836465882187,0.0024113517439018546,0.0015734446293279908,0.010239866161273113,0.003288768214943647,0.014475284688135096
1520,0.9749140979232661,0.008418655569012641,0.002240995560582154,0.0009621076896060357,0.003276081581539791,0.0018978532502014133,0.008290208425791564
768,0.0080605823720096,0.19868608895503814,0.002441552747350937,0.6739295717760342,0.023389998766835274,0.006421598327149859,0.08707060705558195
210,0.8769007904655012,0.0144933389011999,0.007075566381461434,0.01447869385086722,0.03685455203547059,0.0012865785458708397,0.04891047981962887
1560,0.004666805707626973,0.3279177035247211,0.001331272250082687,0.5882959958497047,0.027463561258461194,0.00405480781319115,0.04626985359621216
1475,0.0006179388046686676,0.41862012191200665,0.0014267376996509485,0.3421398785167263,0.025563830367388213,0.2020220533433812,0.009609439356178093
602,0.0005726723695461637,0.2539280227496379,0.000948642981332733,0.20398617349555648,0.00902706871472669,0.5267491718510103,0.004788247838189728
244,0.00024830813049451405,0.0017327901385190754,0.9957558525421165,0.0007621077889441173,0.0002191287249382166,0.0007431491092570026,0.0005386635657306619
786,0.0009826183255484228,0.010252283765148303,0.9727944121666415,0.005440479255719065,0.0002973264544913208,0.007769836293186126,0.0024630437392652027
1770,0.00024021671549272528,0.006617479255073666,0.0007041739188142038,0.005367616239440078,0.0008701903720489267,0.9857564291418202,0.00044389435731024624
820,0.014514579848549545,0.010033468061680742,0.0019738657577377163,0.02162769005645891,0.9480454860648123,0.002694112622130333,0.001110797588630608
309,0.0009370734401344579,0.0038224440214355716,0.9904107654732951,0.0008118472414377432,0.0008146474662517337,0.0014153185254320566,0.0017879038320133586
431,0.0009132174749124793,0.40134465962645094,0.0018424351482191487,0.471194274519028,0.03645536784824492,0.08054069075276375,0.007709354630380753
371,0.1245929094468151,0.01786015586953715,0.0022143844540821523,0.01975097728653455,0.825896595592244,0.0008208701231725263,0.008864107227614505
567,0.0007252382735713896,0.0033712340055498057,0.9922042739285435,0.0007601224237062417,0.0007129486870820152,0.0010696670619762263,0.0011565156195709285
1829,0.0008870362185960239,0.009301297702265777,0.9778429496934837,0.004707484255447449,0.0002762142611668399,0.005006581655813151,0.0019784362132269214
182,0.001156839551855871,0.6635342948169834,0.0006259670589720481,0.2842701750628395,0.015179801190624745,0.0034913572041507003,0.031741565114573544
622,0.0011039878831991137,0.5101471002608692,0.000888230731906804,0.4266973701346311,0.021872875896527023,0.009791369676906674,0.029499065415960094
723,0.0003556442891437032,0.0014674449795405934,0.0006514418873743165,0.0008844613427506754,0.0007302478916661562,0.9955039865523538,0.00040677305717079737
835,0.0006023119706866845,0.002767252825773481,0.0015432801353030582,0.0012987633905961443,0.0010654762509770303,0.9921614136615976,0.0005615017650659444
1717,0.00027886364152750843,0.8650807141308903,0.0006438201718729578,0.11093967403407994,0.0025775463149645132,0.00038016940361894515,0.020099212303045875
1862,0.0748313205717197,0.014146294670937599,0.001545503609818276,0.020561268416749014,0.8841073743902644,0.0006514043341440432,0.0041568340063670205
462,0.0004474568300020312,0.00637078707293309,0.984921671966496,0.00255892021316628,0.00023005979569247587,0.004086365553239549,0.0013847385684706368
1103,0.0009111648217196411,0.002899253818038443,0.9923521616625378,0.0008493465895042947,0.000828817576379932,0.001291695569090505,0.0008675599627293277
378,0.024411122492095705,0.8412230023527841,0.0007957905053011398,0.007334335085218051,0.0007980027099668839,0.0014539595481797432,0.1239837873064543
106,0.0022762191778981813,0.4724555712817365,0.000820181002604902,0.4451529969149237,0.024618603210135873,0.0031401521539027645,0.05153627625879806
127,0.0002669612587169904,0.0007023892148996843,0.9974039292754006,0.0003616692477616278,0.0002394619996623552,0.0006468903127490217,0.0003786986908098354
1059,0.06126482956693826,0.005608566541558817,0.0029168960108388307,0.012101656662274425,0.9162656584786352,0.0007695713039171459,0.0010728214358373856
966,0.0007664600365933995,0.763220281870241,0.0013081611730673456,0.2047778926615331,0.004486754452577866,0.006064890334170889,0.019375559471816347
356,0.13106958445610564,0.010225473199791772,0.0032073145212213514,0.025521581426984224,0.8254383000391262,0.0014388650603874879,0.0030988812963832807
1729,0.010469783687792463,0.9165025658845875,0.0007833353973290784,0.0025963624196319274,0.0008594908492733268,0.0014550399593920944,0.06733342180199374
683,0.0008695115452051831,0.6884595016589082,0.0028803181889512394,0.25591307394956203,0.004975926892039929,0.029863435188079327,0.017038232577253995
1101,0.00042771069262662926,0.001465469801358565,0.0007978695519348244,0.0005688655653933204,0.0007782942502140494,0.9955050549602539,0.0004567351782186554
1722,0.0004971865240702191,0.002127642215699849,0.0012926304389346858,0.001859633698247142,0.0010707596002450177,0.9926732481355353,0.0004788993872677
141,0.03515380498669395,0.8311109028717752,0.0008241067625829045,0.005294889609789347,0.0009586150100581015,0.0018390417892312017,0.12481863896986922
1341,0.004324726020627322,0.4909386655695271,0.0012703259411858657,0.4047587290263485,0.02296971333828295,0.004611904993526018,0.0711259351105024
1162,0.8772211216410838,0.01995896161265524,0.01918080473069817,0.0228360927704744,0.04145544770802499,0.0016347957636862179,0.017712775773377192
1290,0.7981477429104119,0.048086727382532314,0.004382149083000836,0.011125161393007598,0.11374232800297253,0.002319243149554689,0.022196648078520283
1579,0.9792814926145875,0.003725668418508042,0.0020884049566266345,0.001022657150011714,0.009944467885253156,0.001194917363461758,0.0027423916115511993
712,0.9172217907717558,0.0075223631187382916,0.004186752911184014,0.03793960566060549,0.022582087970878743,0.0030645637042526716,0.007482835862585027
1183,0.00970155962901348,0.012066739199965175,0.0016445626535514853,0.022122922401385362,0.9515235697968265,0.0017473063544970373,0.0011933399647610168
1859,0.0003909868917815809,0.0033193340512684636,0.9944122280607536,0.0003568033977835491,0.0004013397206563801,0.0006570002017426436,0.00046230767601366374
756,0.0008138290374957915,0.25298425530262,0.00129020845991619,0.6766568447237425,0.020931562726271568,0.030026268330937165,0.017297031419016607
11,0.0007789090893058922,0.002606963080265529,0.9930841463688017,0.0007763153457151524,0.0007223217806337411,0.0012036253978840515,0.0008277189373938227
1587,0.9341693038257913,0.00431265547538371,0.002573875804480485,0.03523230170599962,0.016221433697044044,0.0026539183542974767,0.004836511137003477
1667,0.9675773569738576,0.008696644434679155,0.006753846869466275,0.0017039616104643416,0.009587396485979862,0.0016415928813966363,0.004039200744156179
283,0.0002428744587042265,0.0040203752947626,0.00038666737538638825,0.004014147294998251,0.0008954341871030614,0.9900343676423597,0.0004061337466857691
292,0.032149203511671796,0.8589961395652601,0.0013616209894382941,0.01102905422084425,0.0008792620665491951,0.0013812784616021357,0.09420344118463425
627,0.7324287045880906,0.030351200303133905,0.002158226291572648,0.04886809052250604,0.1318044283223249,0.0011351912959718623,0.05325415867639993
1437,0.00047591617387061235,0.14120252010693926,0.0009466661602071522,0.25621300733877667,0.005420046621151953,0.5919709778868444,0.0037708657122099026
758,0.35452909300771324,0.026001811612060676,0.04933411334105665,0.0374021193837834,0.5123801591963948,0.0012181000263936095,0.019134603432597645
130,0.0004650504525080741,0.0012643221959072989,0.0008194561735331732,0.0006193409886487657,0.0008734700921688913,0.995482971708434,0.0004753883887998166
1106,0.002184998171944819,0.36668416882568894,0.001205899501236587,0.5512269614840606,0.024329046836371215,0.00591971302446436,0.048449212156233386
324,0.00031489756799819635,0.0008978760980512586,0.0006191664707551915,0.0006431372121250631,0.0005883875099952359,0.9965533587286943,0.0003831764123805781
1014,0.0029872075641049893,0.6795451229226562,0.0006754045265346858,0.2509112987706846,0.010452987453054221,0.0006886093419388681,0.0547393694210264
744,0.06040664691082857,0.010308885789148134,0.0027301908064215567,0.02041964422250781,0.9028813484480297,0.000993459811767007,0.002259824011297216
844,0.0046993392679190735,0.27869712344904946,0.0018092172229300398,0.6289744886377568,0.03921935190036998,0.005677021380815468,0.04092345814115914
1740,0.001852049873448534,0.3225166540055196,0.0009155690382433721,0.6078934999848744,0.032008706002944386,0.00860441951520729,0.026209101579762306
1327,0.0005422818172012535,0.30898357626864037,0.0012366747719075395,0.15693997376674426,0.007545675474409233,0.5194612566591238,0.005290561241973464
1325,0.013014243161327562,0.011767782103027547,0.00153323107622529,0.026418874142528023,0.9439152500417861,0.0018531134745427124,0.0014975060005626782
696,0.023398843356714688,0.23708205705412655,0.005973676073047903,0.41911834005158227,0.030442264612125958,0.006395335886875769,0.27758948296552693
985,0.13221219289328145,0.013984739720403443,0.0029158324710175255,0.016156140352532624,0.8286979091689234,0.0006360400346518163,0.005397145359189771
938,0.0302138562720894,0.8510830011508209,0.0010518737950808972,0.01272868688861794,0.0008686623537678034,0.0014415413785689004,0.10261237816105416
159,0.8708394759597301,0.059030007754412396,0.004402643620305649,0.006603136754174885,0.006070933939330783,0.003718204943424236,0.04933559702862179
866,0.013699117771453315,0.8990564569101768,0.0024711306669120666,0.002625909092678822,0.0010487007452032813,0.0016326889649141522,0.07946599584866144
635,0.000260851720054125,0.0024255218443369653,0.0009460243704505263,0.0026275102102918894,0.00045322920977673665,0.992899253468653,0.00038760917643665627
517,0.0018773717784368123,0.3518058300318809,0.0007849835786811733,0.5624188556938778,0.03675518410328436,0.001862600732778344,0.044495174081060594
1332,0.0006666679103124333,0.42931746150327993,0.0011251145014521703,0.5127880114707141,0.014378019713547076,0.022879091411454194,0.01884563348924037
598,0.0016140116593262267,0.0069925182125479095,0.9856227368836179,0.0021979740180302827,0.00037319811175463765,0.0012287500609726011,0.0019708110537504787
196,0.8860603672553203,0.02656879340393639,0.005259824057917628,0.007718950826342924,0.014729881338550828,0.005699315160040409,0.05396286795789157
1539,0.1108326809188938,0.5861659567246644,0.01781172904611124,0.030793734738253725,0.0023092854326517893,0.005154715102672638,0.24693189803675233
766,0.00031807552970312535,0.010800467985416437,0.0012655203945199458,0.011871086746272215,0.002465737685965676,0.9727301912557627,0.0005489204023599665
411,0.058863048001463796,0.78339674402076,0.007791752436497265,0.01853583883840848,0.00317104308754099,0.002898164895054473,0.12534340872027502
97,0.013536162894497791,0.011841086019344126,0.0012829483346544284,0.02093328031938507,0.9499561026228159,0.0006939992413881251,0.001756420567914414
1531,0.0009479608444736646,0.6212908253806747,0.0006215860815827452,0.3370246851574215,0.00882672654309711,0.00410215566225067,0.027186060330499542
1007,0.9683992415461281,0.004559142625268338,0.003768662572085199,0.0024641554759380563,0.013127436515697396,0.0013254687068838175,0.0063558925579990065
157,0.015370022857187984,0.015677034688758713,0.0019972241166703905,0.035881256454470774,0.9251457757395013,0.00395528147061957,0.001973404672791041
420,0.0003122608368389055,0.0009549858532671598,0.9969053664732885,0.000347099843298065,0.0003314089401484067,0.0006823736966996459,0.0004665043564593464
1513,0.2840137761190274,0.02750532767326355,0.005434538624077653,0.028455599247750835,0.6309133442946259,0.000917067680239188,0.02276034636101547
478,0.9490046850225884,0.018070600923403943,0.0012668144178440784,0.0006794542614002593,0.011739747162984432,0.0013201388893563785,0.01791855932242233
916,0.0021477510741194235,0.45314703283966745,0.0008568160118940534,0.47162481362667386,0.026349087336249924,0.004744202385325586,0.04113029672606974
669,0.000942226245007637,0.002977380915850016,0.9921538166915216,0.0008801783048988874,0.0008572438768904451,0.0012665348702728361,0.0009226190955586368
1464,0.9705433749051577,0.008545415648748255,0.005359905598150136,0.002115636326138329,0.006155939034809425,0.0025236572809265024,0.004756071206069585
964,0.0019569986549806072,0.262820842748267,0.0043267506694879485,0.6205953188077322,0.025925007797499493,0.06559885522291051,0.018776226099122235
1212,0.016408305286602184,0.021034167865354853,0.0014146202729381245,0.042062609791283644,0.9129799631248802,0.0014932397021878117,0.004607093956753241
448,0.8997687850900897,0.008130334448326393,0.0033638102135592845,0.00606336708082262,0.07292192081321802,0.0007854596257853641,0.008966322728198561
1147,0.8944070750955319,0.013182414625602162,0.01000648889067936,0.005633303856330215,0.019186696545995394,0.04070264310655974,0.016881377879301402
179,0.016849529236827355,0.7809166547910502,0.001836650649986165,0.03549457331794239,0.002726202257809217,0.0014602865775097745,0.16071610316887477
391,0.0060229113159098015,0.011541545578114798,0.0028709540085889687,0.01469192741702937,0.9613884460944792,0.0028883868612361936,0.0005958287246415892
579,0.0007575130029452045,0.6469830116733649,0.0007138712181937053,0.3177172789048461,0.008393126876277635,0.0041820370874530765,0.021253161236919504
1395,0.8120255732937357,0.012749369005943636,0.008894601440483341,0.014119616434473492,0.13915376933385062,0.0007241137725133546,0.01233295671899984
1693,0.017016095863532688,0.8586923448275856,0.005938658625428858,0.0031182370244365273,0.0012238169718301825,0.002035913394089803,0.11197493329309638
1540,0.00040524792279319203,0.7799144312984231,0.0009972457741299738,0.1709489878984347,0.015331121904765625,0.0007646331804464832,0.0316383320210069
1321,0.06565432166108374,0.01632855971169719,0.0020379844689222444,0.04453823323584088,0.8605526535401933,0.004868588676241339,0.006019658706021432
910,0.01943438534330691,0.856731097216551,0.0009053773905487398,0.007500519098443761,0.0008552714603726311,0.0014202377793506287,0.1131531117114263
862,0.00037007625179692315,0.0012968466966968087,0.0007697486093122139,0.0008630061623761399,0.0007329194047294496,0.9955475929150625,0.00041980996002613475
949,0.8787507491614255,0.0179449454089663,0.004579654556459249,0.010202323064338143,0.06252816233055163,0.0018030826691562793,0.024191082809102968
665,0.0026792090066124186,0.5161946510970239,0.0010615526797012023,0.41656522539397095,0.01834721111485074,0.003838313677161125,0.0413138370306796
143,0.958314782607599,0.007983499025216095,0.010334908266969107,0.0025481744826211287,0.008116106910578782,0.0022796965774053352,0.010422832129610525
1419,0.9601699397920626,0.013074980169965285,0.0018485283065841059,0.0015897793070635804,0.008594416360419709,0.0012037572500414758,0.013518598813863263
1845,0.1592924944832675,0.012893575048905486,0.002582546126144959,0.020602776765549623,0.7956110022244444,0.000654390090402936,0.008363215261285157
422,0.0013073776800515671,0.6489745617608406,0.0008642533572609576,0.29307771854814535,0.010361663600981863,0.004318258969509085,0.04109616608321059
637,0.9532254174683193,0.01646097132812937,0.006407517731373945,0.005400731491873621,0.012782031144733537,0.001158287288907952,0.004565043546662334
1311,0.0005292026740196609,0.626504722281365,0.0013528573050875644,0.2951726836004079,0.018032043655726412,0.000640749826982576,0.057767740656410944
1466,0.00033321774317222056,0.0008400031924696381,0.9971548473713477,0.000359743982437358,0.00025435553179938323,0.0006253698752361894,0.0004324623035376466
295,0.0007167171380626733,0.0012798624690755509,0.995896530031822,0.00043753320601794005,0.00042841164082953366,0.0007119302968366074,0.0005290152173558098
1774,0.9665087766578556,0.004614158193410793,0.004535936798943062,0.0017760137591188475,0.015031752757166157,0.003021979204549534,0.004511382628955983
89,0.0009129923281125207,0.007600905402483978,0.9873084596727976,0.0009593671244954399,0.0005430688321395632,0.0010252162629750255,0.0016499903769958172
42,0.0006008682961742604,0.002470466484132261,0.9938272587468099,0.0006290719490311295,0.000593547428155293,0.0009605698000282898,0.0009182172956689713
1802,0.007563174333246763,0.12853604148558992,0.002675551254676455,0.7902302759570811,0.033523400501315755,0.0037381215229626893,0.03373343494512728
132,0.0003541198420336391,0.6668019838989528,0.0007606299875605656,0.287403736203049,0.013411423517416034,0.019794578860255447,0.011473527690732439
1582,0.019830989365092675,0.8187367716122799,0.0009808815446259275,0.027420283503228934,0.001565096271133243,0.0011852984039731538,0.13028067929966616
986,0.9175680855028131,0.022408539633975,0.0020892086219402865,0.008865802164493577,0.005732637634958729,0.00764353884703103,0.035692187594788344
1730,0.9768267238443631,0.004699081043471531,0.005431713684127329,0.0013400329087271132,0.007100925196204565,0.0010028941111988466,0.003598629211907383
165,0.978580867054128,0.0064119755643898685,0.003978291970768165,0.0008948863655563765,0.0033886479700270204,0.0010994150540642772,0.0056459160210664385
1853,0.001458093693199919,0.6224490496893246,0.0006843113041959163,0.3219699243986953,0.011067416069917757,0.004132496371669078,0.03823870847299749
779,0.006649098720090344,0.10926370579767582,0.007362343344865932,0.8134031455330964,0.02775180959283553,0.011670642228992499,0.023899254782443324
349,0.948695643996125,0.010940487100596427,0.008118688534253607,0.007096539803285736,0.006430772467581382,0.002841300328848828,0.015876567769309013
1421,0.9035921837727278,0.012474220460551735,0.005746122949156594,0.04315970158014509,0.018494361287688558,0.0018647709570793515,0.014668638992651006
1661,0.042082949199508134,0.3934387436397229,0.006365800594527749,0.40790876157338757,0.0037522742385959827,0.0010916627864926132,0.14535980796776488
1491,0.0040666824689314365,0.1327804717188006,0.004894437156277977,0.8058155140031066,0.021158145456059253,0.011469558731246707,0.019815190465577597
899,0.9074570303337245,0.006575217551343618,0.002495293942090635,0.002907576911737523,0.06913138069185801,0.0035983252348440204,0.007835175334401633
817,0.892279010255627,0.01053508718549223,0.005328016518378509,0.014486825805364374,0.06346437564221487,0.0006856840463017787,0.013221000546621238
1732,0.8878126013053945,0.009672403805412767,0.003414710449877881,0.011040957989964262,0.07175184410435777,0.0007981330692129659,0.01550934927577984
1054,0.9538825880697969,0.015757812449750528,0.0035681655014656644,0.0014432141289480737,0.005907150761333968,0.0014033142412239149,0.01803775484748101
329,0.7875302313569907,0.027276124185916257,0.0519429279224771,0.03314716642915312,0.05048254879820754,0.0091650348742843,0.040455966432970995
927,0.0008061808155184818,0.7275063442012774,0.0005987028092218747,0.22891837047801614,0.009697781505884281,0.00373963667977067,0.028732983510311127
1621,0.8518367076694103,0.028083655384366354,0.007345318098984179,0.005147417668900488,0.011337736843441618,0.037024204205116824,0.059224960129780256
650,0.9589331118390753,0.01015828237869604,0.011016855704153639,0.0013165504094010507,0.008169377252590851,0.006269373398779587,0.004136449017303583
259,0.9138761627616204,0.016838449960092868,0.005747787225504212,0.002144849738036793,0.04036679754618819,0.004296010507607166,0.016729942260950172
139,0.6696149837568305,0.01911914513709773,0.0027513507687228086,0.057807406521096415,0.22697099221533348,0.0006678776481102646,0.023068243952808685
1209,0.9646063475898208,0.009632916466728664,0.0010253077897731048,0.0005454643841747675,0.015078505120899864,0.0011457425233123086,0.007965716125290645
140,0.8724005434644679,0.01970265832741167,0.001670500295756306,0.0007710803305493539,0.05369438573332163,0.0367700013117379,0.01499083053675527
787,0.9254872214298971,0.009685781144956752,0.0030150297446135447,0.008942376525258216,0.03761097259521859,0.0008830454390974155,0.014375573120958322
1609,0.8341406755533329,0.016233516964280697,0.003112826338207331,0.029482308058093435,0.08967513388226044,0.0014895016267175267,0.025866037577107582
1028,0.9390745830014114,0.020494977625446772,0.004005597366130319,0.002012582601704394,0.014069201646078916,0.001355719830045474,0.01898733792918251
1179,0.8682544631347501,0.006561548818987496,0.003916334857206362,0.0061018100048432925,0.056736701290435544,0.0007633994263603305,0.05766574246741693
1346,0.008693448066946361,0.43086658051601573,0.002128565063782548,0.3037749119951125,0.017101362178577956,0.004095889190841078,0.23333924298872386
616,0.00043402671876651387,0.0008729686624134825,0.001096452870834522,0.0007711580970335825,0.0007714995439609341,0.9954318625874911,0.0006220315194999324
1493,0.09886949253363682,0.01245654165908471,0.0021053757885183817,0.027194805458844756,0.8523262210701077,0.001223702670759549,0.005823860819048114
